# Wed Sep 03 20:46:19 2025

# input dimensionality
5

# covariance function
CovSum(CovSEard, CovNoise)

# log-hyperparameter
0.6956253393631144 0.8958038025051885 0.1005759072202344 0.6771380388781072 0.7094445931165234 -2.00021750063402 -6.05573952839175

# data (target value in first column) u v r tl tr
5.340779161221274e-10 -1.1094961267267538 0.002485944802663095 0.003024520629299203 -0.5510292520720442 -0.5311303307647182
-0.44419559574417045 1.1297813296661758 1.3584325375550317 0.24471178277881428 -0.16477059385011472 0.5191909592053662
-0.1024830284237971 1.0750014406078392 -1.938877217931799 0.3250044013419069 0.15776042088312509 0.45138559062978717
-0.9352248433303719 1.426477336559184 0.5023993076104918 0.5948754659166073 -0.567319115323797 0.507850191190756
-0.010854495204690937 2.6983601157528665 0.06331600237195177 -0.01751971839509363 0.5926964719428334 0.5062558617641982
0.04106786538291929 0.1886827015931956 0.9415767883263082 -0.7297589041347005 0.7143821313547948 -0.4353171958930504
0.20711622609375674 1.3668124887054458 1.9370906657327172 -0.33026766595567486 0.6720554558271676 0.3257386034818915
0.2739724997938686 0.9246807535914167 1.8941087073592564 -0.5345089269321023 0.30434909246852154 0.12887308179523574
-0.007948388761236765 0.13091927288252925 -0.7967547725103898 0.5525311968899739 -0.285888346953807 0.5230113768695385
-0.09344253889519637 0.34322826079272123 1.4352956430850938 -0.14832511110180074 -0.38574917466940356 0.5626588312733112
-0.019927662005341042 0.9438067985229518 2.4830858711192696 -0.3126140286481373 0.5260498246051974 0.5115365858673391
0.7342638828507471 2.3216452558678653 -1.0719537168822897 -0.27370247825557503 0.43240825637319596 0.4266494392174692
-0.27819270486746805 0.8486407793909311 -1.6778593106930302 0.5490583851653236 0.3457580497578261 0.6532395620927086
0.1542641150458683 0.5822182116927627 0.913751803247503 -0.35132554715125536 0.4260050396005633 0.11945439533204512
-0.30795520914816 0.012162666409634731 2.4613877498144983 -0.5057088959753883 0.5509512184684096 0.22121252405070302
-0.005056740100980013 0.06860920864183896 0.006710089970101025 0.0022478957825959977 -0.493146654358001 -0.5038242047152817
-0.4525556552089038 -0.4945013014510107 1.2584481972208221 -0.6231676699064225 0.6373661653023037 0.2462565714394334
-0.07269364864005806 1.9470824288993434 2.565592492662627 -0.14060105590824834 0.48006989057017346 0.3801152379260494
0.27638980371399874 0.3341802357174478 0.3121422865259714 -0.7329841722541818 0.3591800080842083 0.2275517400762055
0.29198902247049674 0.8597211531806795 -1.2724196989415288 -0.17275555176588112 0.5888013850944036 -0.36644738948112393
0.4745350015216818 1.785220727232001 -2.19218528797773 -0.11639491267210159 0.5397257323900778 0.2688877701186151
0.4436044105112445 1.8995300686283212 0.6639888118657526 -0.28045285737869474 0.3296626310512784 0.4959240072237248
0.18551677647520876 -0.2947193310677683 -0.39316556280826076 0.8948870295365261 -0.5718917810211777 0.506652636877787
-0.14697970646102318 -0.2984982083697312 0.0750973651253035 -0.8999173005570094 0.5027170040681387 -0.5990298811516069
-0.045184668079242804 0.8810478934876741 -2.672733292324932 0.4631268684259685 0.22822028604380984 0.5887493055014865
-0.02295184010860276 0.3336311759209841 -0.08703468945062935 0.07996687238169937 0.48589058527048107 0.5734056935549182
0.14210915077525538 0.646770379341496 -2.5148354545032703 0.26029299248501575 0.26488690770592865 0.48165349109630134
0.08677277467111695 1.971905718022838 -0.19744873464750926 -0.033852925428929356 0.5873430046582007 0.14763944882069582
-0.05671196919759603 0.39508040509985887 -1.396611171621468 0.42208174813438243 0.3466673544915916 -0.18269944343452227
0.2803754197243103 -0.1867016269202705 -1.537031766406795 0.7214999244146283 -0.02839489254474905 0.5614972684198184
0.0790745071661514 1.8249336980241155 -0.09802927985178264 -0.04736706655176023 0.7021509287437909 0.6474651737206724
0.8682402056173484 1.4861031600439638 0.698568421053488 -0.6531733008476825 0.5360018539386711 -0.39738178403407687
-0.20412441094595185 -0.21571264086045056 1.1910541538238102 -0.6847164600125148 0.23993030902742718 -0.3544822496795071
0.897092604814227 1.5371188259820625 -0.6583257851199097 -0.532131149806448 0.514880258814476 -0.31904182760678884
-0.43752123872720644 1.9389007135366667 -0.3864500931521308 0.279597094317779 -0.13783840781720982 0.6539225873337776
-0.7316622159717799 1.219099189073848 -0.5118539856560813 0.6141652442966488 0.04683971162875571 0.4434642107054918
-0.042036963946011176 0.9984416981126766 -2.3419432825037307 0.31675238792351745 0.5328889783985908 0.44660951521729725
-0.571477733825209 0.9645497956465142 -1.1598512199301991 0.7129300377717978 -0.42752478827681417 0.4769550950170857
-0.03711973356078151 0.9323716870229954 2.7198526869558357 -0.3395363139132752 0.5115921293416126 0.1760369265424846
-0.0037105189437763035 1.36495786999325 -0.003949088358183096 0.0035632988949210014 -0.23635173493722803 -0.21086193105729675
-0.0008922019944424547 -0.8864760841082648 -0.011049157294838071 0.00257199586895624 0.018984233108697474 -0.028024942216626422
-0.6040711072419676 1.956308393492746 0.4643377085936371 0.30317022425073503 0.2961591993883052 0.5648213379173661
