# Wed Sep 03 20:44:09 2025

# input dimensionality
5

# covariance function
CovSum(CovSEard, CovNoise)

# log-hyperparameter
0.9331508613851422 0.9622099056988783 0.5464282591684526 0.029216940084717185 0.2348604784770575 -2.2936555599137787 -7.073538123734826

# data (target value in first column) u v r tl tr
-0.07513187441137717 0.7314687910052009 1.4202439604715469 0.209803567082794 -0.3735725729568753 0.5611289481703131
0.04027513461561183 1.4210194418363322 0.8410946954991513 0.2388890220256343 0.17558537804062055 0.4884527362939697
-0.3172186321009507 0.9607562479249901 -1.291051890134088 0.502878652110768 0.17952197248242646 0.14473799882776517
0.04435770995313887 -0.16707567816769586 2.434066756857978 -0.5028355849268692 0.5029045258554434 0.25513760779943095
0.401253892628766 0.2676427814621079 1.1866173897899683 -0.613107189061575 0.42738555361739267 -0.4843471812852479
0.10822044600622406 0.339675044511227 0.8997164977329821 -0.5673603269497011 0.563006235022352 0.08988456442691092
0.013319593574433972 -1.3464120484788789 0.007764199975903846 -0.032688254352170196 -0.43950194555230215 -0.46088328501314074
-0.03487209482506198 -0.14289235416273818 -0.6832583926449185 0.23812966258278406 -0.3830843172233977 0.6236649311846186
0.3452793853004568 0.2851237359875882 1.46002561459332 -0.48971305190925385 -0.1185283949966073 0.35245470704215287
0.11985902647922353 -0.442674000354223 1.3494625567091016 -0.7429198562692059 0.5695129104854267 -0.08137851805799906
-0.24587286255934834 1.6091583042173372 -0.8317712201694827 0.4437266734122287 -0.38837510114900714 0.4749022497582904
-0.08234878628050761 -0.5233461982976274 0.016503643373929 0.10310826438018106 -0.20338843732356907 -0.1535366551537535
-0.23930671595138367 -0.39815896553641644 -0.3897833261284533 1.0316581155565123 -0.7414764449323268 0.5551795418552047
-0.20465836156795353 0.24802862422838964 -1.384110329248501 0.21668458931838597 0.4848918928704887 -0.2886551847397801
0.3675574303316108 0.1221899955274657 0.11694131276333984 -0.8331964539868506 0.37312897763813796 -0.10417036558467825
0.08945970699139578 1.249367042643064 -1.5292063879879525 -0.3184780041795434 0.5382484423864801 -0.26341314684885603
0.15985272228551045 1.4069034992128473 -0.3548932920125612 -0.40823362712588845 0.5455649118433109 -0.40864328350174606
-0.23149786290401006 1.7829325676825174 0.03749438469102717 -0.032327265775442544 0.6731385350651846 0.3800676518549541
-0.1192365162825738 -0.045633898957706795 0.03852470736095357 0.3368299560451704 -0.38025039631384483 -0.6504576220672756
-0.06541220376696279 2.5681110052981713 0.14231286382521766 0.020444876036715846 0.6461574580495084 0.6426442933809796
-0.15931694941719535 0.9926102762956729 -0.5757156963035052 0.7701412457536744 -0.13710927153304325 0.6341276805211569
-0.031843664250240364 2.3311525123152754 0.22471994229070913 -0.07953903717738586 0.39942488077487776 0.2925214466377374
-0.018427259551345918 0.8817154642754402 2.7136140018251136 -0.4681407263850245 0.5710905226878159 0.1853203377108365
0.05278507455727495 0.49082652507284813 -2.339958651413116 0.2555645725011986 0.17473606996170105 0.546337074121681
-0.00507942568487006 1.1319279410122414 2.420672093206725 -0.2563171690226174 0.36161226669982577 0.17751644949206347
0.30980786928117837 -0.4440567109605761 0.2489613413686412 -0.9432638603687787 0.5588802284797161 -0.6630521107333824
0.028732554938374698 1.4585943131536663 0.07925273052311015 -0.04002356156944067 -0.16573169254466033 -0.18936250811614821
0.047880085918885214 2.2870423360998835 -0.8870816912378982 -0.3067507721193735 0.5310593296614164 0.3074693270252743
0.040012681921976635 0.9090263339877572 2.080403345409516 -0.3276940491904342 0.5353756237730697 0.28665981933411766
-0.047104029613059845 0.9020509036270117 -2.647014312795646 0.46703044265749627 0.1881299096239662 0.5131058708033974
-0.24502977476391544 1.6679573340199074 0.6824263658239298 0.5122433567675336 -0.35259905788229395 0.5079506933812841
-0.2668819358188264 -0.4205572399498283 -1.214727418333034 0.8263977046854186 -0.060345352771602724 0.513799953612738
0.0677077760181953 1.5466654634803292 1.7640746804703802 -0.41392911417722844 0.530272305259396 0.30460842942960326
-0.39987187997377205 0.25784278032104074 -0.9852383700832813 0.757218241631251 -0.33015165304572675 0.39012590735761177
0.010190268799161734 1.7322811793483395 -2.172205406254958 -0.0619271264578502 0.46132827612197663 0.38640655847998007
0.2958393046923111 1.0175277505335176 2.5928449638080893 -0.2393486203460232 0.5207650821121728 0.6491149078892662
0.11400363765863607 0.15438186070469634 -0.010786229744475816 -0.18996215563624824 -0.5421432007942704 -0.4309792402921065
-0.012546658646753148 2.123211368746173 2.6160390553933253 -0.08867468116096107 0.5253956020174284 0.4248003847264146
0.1307569460708072 2.198628765014751 -0.2566835077989324 0.3643243686262497 0.25191913116132064 0.6485304803376362
-0.03707651856564998 0.4936632542844408 -0.21037356128602452 0.03868005974665161 0.497484014270567 0.5367855087438453
-0.09509082876846854 0.8462255043915927 -1.8213535876118838 0.45101508733290935 0.35562390852055814 0.5865239068959859
0.04102521025086082 -1.0114015880803446 0.31468142860511467 -0.09234994926620893 0.2995592614446929 0.24884524177348
0.2635602583557208 1.468978705499962 0.759828026745969 -0.7249278367485843 0.5360648654245834 -0.26475088832716437
-0.2897733027959251 0.8901579993555299 -2.7711570561898875 0.3247503992497675 0.5658092647171505 0.4234039063811805
0.4593853042659677 1.5666046200330757 0.37019176604048143 -0.3684150294719653 0.24909391030294287 0.6339324260389461
-0.05983142791090034 0.9162095998054455 -2.00549182366984 0.49405844335379606 0.23414317746494875 0.5633614969194644
