# Wed Sep 03 20:48:04 2025

# input dimensionality
5

# covariance function
CovSum(CovSEard, CovNoise)

# log-hyperparameter
0.693285594132782 0.813178219983054 0.22923312652919542 -0.7259827387689569 -0.5833936483356996 -1.1881933575603272 -5.5845346874773805

# data (target value in first column) u v r tl tr
-0.13765377026193776 -0.5028917237706129 0.811128075758017 -0.6000596127404909 0.4752854447915969 0.0893635771782803
0.2751237445091681 1.2616083923818575 -1.0866611368328687 -0.2862991129866166 0.4902530570407879 -0.2499005132314151
-1.1920981656203027 2.671833387210302 -0.17435386401754618 -0.044208377973225424 0.5401726006971891 0.506140526902893
0.2202475267285931 0.4243524253527425 1.3909530480334358 -0.1472128283189718 -0.23210059652105972 0.4795947285150758
-0.7450061959272686 0.9148613948909274 -2.2081833324784923 0.36639295707919517 0.20567434656697722 0.5080578251942856
-0.49875823908682393 1.8767958707311752 -0.46317671360268436 -0.14372970322663536 0.47649690414944623 0.35195851242942333
0.7224894218274222 0.11830366088837106 -0.01677678784005916 0.0181825581747793 0.42952438575091134 0.4349780475102879
0.025045766518085325 -0.2661783847955987 -0.7592965486219057 0.6214510634178577 -0.089810025211949 0.5221020593166354
-0.7810275548671594 1.460802115302624 1.7096086616861919 -0.34497532973816 0.49679161108476566 0.3142106157417467
0.2726919181798332 1.268978976321015 1.071971857720309 0.32987727410535006 -0.26254531693797095 0.5027237432524693
-0.7358818172529683 -0.1783638207447623 -1.607141254299353 0.6807112683323874 -0.12058020125896467 0.4564712323763142
-1.0175136996576426 0.26399919700711444 2.5978516769071085 -0.5127833088333972 0.506365923774465 0.19023809676362596
-0.6699573635069629 -0.33468893452807225 1.7669469568260527 -0.5749569675267081 0.5063070272051746 0.13844354724582728
-0.4147948446353061 1.6075935411409437 -0.006998077407482848 -0.4213325124037757 0.5503026037402112 -0.28627919895027054
-0.6529283038788878 1.184711671977279 1.0766630215162802 -0.5798019823510556 0.5010807503005935 -0.2763423070497023
-0.5309337911742985 1.644151001729933 2.4847374747405517 -0.10378093738696939 0.5093350905466014 0.39792650721875705
-0.6424388544282327 2.102170114514449 0.18244840743377225 0.12138757896473727 0.4662761268508404 0.46798140686922723
-0.7255062228821313 1.082476618137591 -1.2094470495008995 0.5633459393196117 -0.17504323682566536 0.42084446327480307
0.20761957242087117 -0.10188678939014478 0.11466958434313701 -0.8522629003648104 0.49013512810598786 -0.48359385157257245
-0.05561969674761043 0.7509915111780839 0.015814626381722957 -0.002108899302291776 -0.39790774762821585 -0.3981081531963501
-0.19885824613034825 0.3488285679064456 -0.7923168570755207 0.6485893606156257 -0.2605549325037495 0.5160701420070513
-1.1452006751173367 1.4369276585374815 2.5935749730103193 -0.3382103847711756 0.4954929414188493 0.22718319188326974
-0.4676428698193607 2.041732501524204 -1.6870784421122114 -0.1927093594845997 0.5133341642649598 0.2812172455486491
-0.542996495537247 1.6409113090315008 0.2534374709633172 0.4336149416278621 0.11373972374596901 0.48499767455520715
-0.3865485042792361 0.2105503051777687 1.1517169181520548 -0.6553195293428535 0.48812567669545637 -0.21609396786736032
-0.4175041323953767 0.9100960987813138 2.5000364354531204 -0.3435458936310518 0.503528410712018 0.4048614236701038
0.40312111783881704 -0.3762424501895053 0.012631357320878424 0.0015605048726462518 -0.36985363751554207 -0.3694059364146517
-0.7600898779982439 0.87973191564852 2.235246636234179 -0.4354326776290557 0.5175220285973194 0.2734753442016579
-1.584110576827245 2.303551129093637 0.041831861166396964 -0.11433990820360729 0.21865272069729258 0.25801779914247847
-0.8522517599741656 1.0278253338292114 -2.4989471687527796 0.456711454960088 0.33023994263954765 0.5021240120658583
-0.3805426034518291 0.8205666736567067 -1.7130229154000978 0.38667490736433546 0.37011165399531 0.4847827121955321
-0.8227292839146545 1.8891937952423332 0.6394477415285065 -0.33018861992990806 0.529828153524326 0.2857011520439429
-0.8482693609437362 1.436523728037368 -0.822225091068911 0.5234324569937615 0.1031280215344217 0.5316407578940382
0.0900601793108474 1.45328960380049 0.054392189614027114 0.03647444451143749 0.603951561650683 0.5979144906928027
-0.15801715779083372 -0.18149719042861467 -0.5797444599009188 0.8178936373799002 -0.5068262745811238 0.4954501287003917
-0.6324372528122304 1.3441334355979988 -0.7168534193423033 0.6009774033324046 -0.4047312378610005 0.5708107687692479
0.18385502899336556 0.4828577345466861 -1.3251781717690674 0.17963677588255744 0.47324244540738136 -0.22884198447778506
-0.754816642631736 1.4692909685510542 -0.006972350415486557 0.01580854461591703 -0.08034567116110287 -0.08171094084111599
-0.18700305752568494 1.1299640518960141 -2.3964246949224988 0.10779181422985226 0.5206873054847019 0.26850290179348946
-0.29913959495615 1.3192172671961433 0.7914237545460387 -0.061361149529638725 0.1801122535448848 0.5250574005084011
-0.15879673179979778 0.3624412868408343 0.7561016458399507 -0.6121975023914394 0.5450034255577213 0.0027169634456772904
0.02355426566784783 -0.004145648819171468 0.2071743497318325 -0.7501225095502239 0.3607398151287782 -0.09309758414529228
0.035752401171611936 0.728390843758243 0.44407387521180536 -0.6093258177258225 0.37151831301261307 0.43338930705173506
0.889320248742123 -1.2497699000713378 0.019695725184770373 0.0014776717822082676 -0.2901910843324418 -0.28711189716036417
-0.9321683226186713 0.6005052917073864 -1.2229119656653553 0.4925596283802514 0.1717439822391744 0.09201371750481095
-0.7650472672514609 0.5235036666431604 -1.4744696303793823 0.6389243634091701 0.11786517870470908 0.5191856481482198
-0.32872269961915274 1.4607189582056153 -0.06654853299467531 0.6118079224866095 -0.27135614476597786 0.48569071192908886
-0.9727173521319993 0.48104848888391527 1.3049736217510224 -0.5176111106659755 0.09463725246755066 0.1484136035430273
-0.7354522720747521 2.226335705062718 0.026566304430563254 -0.00876800319315053 0.4676448102144354 0.5564096389354944
-0.6660418773433667 0.5660946807430207 -2.5812964862615893 0.38659521301231625 0.2965901824912402 0.500708006138532
-0.662797251788202 1.8020698476540118 -0.19978286232372336 0.2265412030821237 -0.18249902869667764 0.5026276954097948
0.21066404949841558 -0.629041449560122 -0.008456693747276528 0.009536056772081329 0.10946842830887563 0.11855297419249763
-0.4727130658910061 2.0095089597944384 -0.08831008234506645 0.14137835586863487 0.7812334498406753 0.8116986260319236
0.4462435846852959 -0.9675479780409756 0.0009115522995714602 -0.0017384634227330632 -0.45103215113022743 -0.4527819349464166
-0.23350161821290735 -0.22925161501976135 0.8799631206544364 -0.744395401807112 0.5074353863381349 -0.46056272948853216
-0.12469077103388022 0.7943683544629289 2.0618208686271777 -0.0856907030177788 0.4389621229667052 0.31926445786035507
-0.7932446168853166 2.00439402747733 2.3784586594512667 -0.16204497715417981 0.497684788260561 0.4574682065781714
-0.3493583652645929 1.2373224812601304 0.35360763584888244 -0.6552237125620061 0.41484010957102674 -0.18855738129410585
-0.372010840122482 1.0436934356888632 -2.2330778738661037 0.18696842708615685 0.3292230058607834 0.4908183574566819
