# Mon Jan 06 21:29:09 2025

# input dimensionality
5

# covariance function
CovSum(CovSEard, CovNoise)

# log-hyperparameter
0 0 0 0 0 0 -2.249110744 

# data (target value in first column) u v r tl tr
-2.2436878083140206 1.7562840288681658 -2.2624547633109384 0.0633444172662219 0.5 0.3 -865.0248794909792 520.3761560665499 -0.0856129709678887
-1.0824820105328246 0.2731220369652012 -1.0823964000819393 0.6295032627012339 0.0999999999999999 0.5 -880.4519409932371 503.5805094349605 -0.0771435820692872
-0.0154958191866859 2.225192103984965 -0.014907328270647 0.0019731240410669 0.5 0.5 -849.4807127291912 413.0039678385665 -0.1588929327947258
-0.0006331892577783 -0.6667481032930069 -0.0021025622331714 0.0004198020261346 -0.4 -0.4 -856.5850510073781 426.6817230278544 -0.0768010366483192
0.6661827176728283 1.9120432364526332 0.7327357006759067 0.2635457742485106 0.25 0.5 -877.6250971357842 462.7628321308894 -0.1343832259913545
1.555531710183989 1.463287368221016 1.5399906324078738 -0.2058033192817742 0.3005999999984403 0.4488000000031195 -902.6425979000152 507.4065071014353 -0.1118332823124721
-1.481635197357847 0.448960896092451 -1.4765221821038064 0.543943435383745 0.1999999999999999 0.5 -876.3095139621702 503.6560324936114 -0.0828752765443768
-0.0930359105130152 1.8619835951383783 -0.0258210922904233 0.3355967510247695 0.25 0.5 -891.3155425173205 490.319563299085 -0.0843372278478263
1.1588969744502842 1.5137918798727727 1.106356780607117 -0.3980420995364795 0.4625999999984743 0.2864000000015257 -901.3127111902958 505.1814931882018 -0.0681190177626694
-2.3496219503614144 0.849608487592995 -2.349858487100452 0.3672769365833409 0.3 0.5 -909.5422983183986 512.8507168660957 -0.1083475924834718
-0.389751673397454 1.85641552678416 -0.3610117230030722 0.2431770317677022 0.25 0.5 -865.6562041619383 443.8869126501924 -0.1216302168146522
2.236664654150501 1.0923415665082132 2.226798438683953 -0.3561714809324037 0.5 0.3 -888.0884479202118 510.4938303861153 -0.116694181035735
-1.0017771290918531 0.1748312998222565 -1.0021468866953855 0.6809050273358068 -0.2 0.5 -879.1913513374988 501.5606100922503 -0.1117643347380401
-0.6507284970133975 1.7190746027310495 -0.5867577081330945 0.3734093398151533 0.25 0.5 -878.4446735500801 466.8410675275996 -0.1007894842064344
-0.0173500539294193 2.250347077114935 -0.0155317458279075 -0.0014322069515523 0.5 0.5 -851.8301897237949 417.5546672050167 -0.0723139047735987
-2.34870250726094 0.8507293884831431 -2.348816497740159 0.3669082667609983 0.3 0.5 -908.8283267143096 513.6013213620278 -0.09286738732027
2.373097423359677 0.861258105968969 2.381279128712418 -0.3677907276084114 0.5 0.3 -891.3671183717698 499.82760268441774 -0.0970784543573888
1.352742068177023 1.2241517350507718 1.3067492221055663 -0.4926201705406481 0.5 0.1999999999999999 -874.6091273287154 530.1769380061355 -0.147799780540258
0.0095927156647606 -0.2175444407202572 0.0093212537934761 -0.0007443186819276 -0.4 -0.4 -856.9065964449186 427.308611092359 -0.1485733305288587
-0.2458153036150212 -0.1988875218313639 -0.2583080333616388 0.8124847873523304 -0.3 0.5 -880.156278460162 504.3065452513664 -0.1536186216310772
-2.349354498203401 0.8548743254899801 -2.3499202098359717 0.366237294140497 0.3 0.5 -920.5621446047704 515.5861683255188 -0.1499026827688366
-1.0145974850121826 0.2104917232736808 -1.0139208453052289 0.6440191829836677 0.0999999999999999 0.5 -877.5899979817686 503.3076266376373 -0.0924241270086345
0.6686761284583602 1.6150259002680198 0.6015713233293002 -0.4517766579409835 0.5 0.1999999999999999 -873.1598231030985 528.436543355305 -0.0774343104567068
1.0987179127214692 1.7136648568847843 1.055312782681736 -0.31019543697393 0.5 0.3 -898.4170197747461 514.4942970572458 -0.0709733766250412
0.0063469615482857 -0.1188906971236077 0.0046757529584643 -0.0008145638008579 -0.4 -0.4 -856.9283467923549 427.35524290389264 -0.1558551545969182
-1.0402148790295411 -0.0544688041957373 -1.0638797714143668 0.8529035603218041 -0.4 0.5 -881.8126431333297 504.1989675809017 -0.0726858070694271
2.3432406909374133 0.9647216321574944 2.3390064085949085 -0.362075626393982 0.5 0.3 -886.9995455632873 506.1861954374392 -0.0692653632867739
-1.4285967958005334 0.4785254773881364 -1.4214989014999169 0.5448143245157222 0.1999999999999999 0.5 -876.6004510237934 502.1724470058301 -0.0738752197985655
2.3567398356488285 0.8529735372642315 2.357127612505997 -0.3684468283343748 0.5 0.3 -900.2198389612236 503.08427865315895 -0.0814586295893309
-0.2316347649875481 -0.1697759919891889 -0.2458153036150212 0.8076397580389493 -0.3 0.5 -880.1447326645857 504.32776642355606 -0.1520096129706999
2.349198663611177 0.8490628287799102 2.3494623133370167 -0.3671573820914831 0.5 0.3 -899.7178789741237 509.92967601337176 -0.1478388644657604
-2.377200901804583 1.7132013905638412 -2.3778334078948973 0.1802506431964385 0.4 0.5 -872.1941218727176 492.85764199401234 -0.1189610480479342
-2.3619953126861195 0.873247393382939 -2.35953092491796 0.3066652742306622 0.5 0.3 -916.4112648237864 511.451687128524 -0.1042668097413774
2.3756745606337684 0.840420108870289 2.3809502049061853 -0.3663342225076021 0.5 0.3 -896.5858241251633 499.7485494709914 -0.145163785045825
-2.358409260441555 1.339785690026045 -2.3556716763947163 0.2482658669188426 0.4 0.5 -882.4461329753232 493.90379684306384 -0.1114905393334964
-0.9890327371811628 1.9681165076223108 -1.0696467114128083 -0.2995908453583882 0.5 0.1999999999999999 -870.0469584411528 525.3027264825788 -0.1536754750390553
2.3775903919719488 0.8747867776893664 2.3746264502469967 -0.3668688755979541 0.5 0.3 -889.672143272413 500.8474732817383 -0.1412764890236124
-2.313054941094472 0.977072596742013 -2.3018615088857435 0.3636829108467936 0.3 0.5 -917.0502151343824 524.4193378804215 -0.0713476611146077
-0.9989121580803882 0.2143476858751604 -0.9971124852939705 0.6897598212929608 -0.2 0.5 -879.8991331794181 501.65536254122026 -0.1457610735545361
-2.347861766714807 0.958479780457382 -2.3442739563209485 0.3625653366485749 0.3 0.5 -917.9170414284304 523.8811334878045 -0.1019502241270013
-1.1897182225185488 0.3945778079585396 -1.184004157399873 0.5757893225911414 0.1999999999999999 0.5 -879.692775507002 500.78913904294825 -0.156048749729516
0.8152903727113765 1.606234917407079 0.9294695053792532 0.5941042709047595 -0.5 0.5 -885.2801481922261 506.83457990818215 -0.159235324830913
0.5451043545251475 1.8797888792728743 0.4946879815296771 -0.2896689144007845 0.5 0.3 -900.909943339744 513.9350424340108 -0.1153889960725474
-0.1034353693755747 1.421805391736211 -0.030081018643256 0.7090776616942797 -0.5 0.5 -884.1325904532251 505.8463600358171 -0.1303025574330136
-1.0004025388604012 0.2514881559507277 -0.99395881129494 0.6524990620303204 -0.0999999999999999 0.5 -880.5517026542298 503.4609919444502 -0.0669262525932174
0.97216673408026 0.1793395974572459 0.972716325125302 -0.6508068171675061 0.5 -0.0999999999999999 -870.510872973773 537.5453276227255 -0.1131217790003277
-1.045001968752826 1.5601769889170425 -1.00919069932606 0.3957693739893545 0.3 0.5 -905.407691372074 518.7875832391562 -0.1597669987715051
-2.34856640869144 0.85602490229064 -2.348484808219193 0.3660516306032125 0.3 0.5 -917.9894462859352 512.2538790859946 -0.1309421393884934
2.335544400225828 0.7101253262597245 2.3473880999330587 -0.067716214711597 -0.5 0.5 -888.8288590145743 510.4581104318824 -0.0870659409665788
-1.021547099222315 0.201941315129923 -1.022966468315352 0.6470921701846283 0.0 0.5 -877.8550516203937 501.64110359158 -0.0867783924950447
0.8665555531225845 0.2631575395404554 0.858117486625392 -0.6334125416682638 0.5 0.0 -871.3988305607584 535.60968176999 -0.0735976204880358
-2.348495696541482 0.8544825774032451 -2.3483555060193555 0.3659356132941622 0.3 0.5 -907.5775861721448 515.9749581978805 -0.0725163467854174
1.7785701923094042 0.2486034641897918 1.792007865529496 -0.5714578894039958 0.5 0.0999999999999999 -875.1596257845164 535.988313312116 -0.071794808036053
1.552683967476259 1.4973121291649254 1.548983726776187 -0.1364202960585176 0.2675999999990996 0.4814000000009004 -876.2844421844449 457.54960293488136 -0.1016918634382796
-1.4002946307490165 0.4866957480430249 -1.3913604443881806 0.5460159786053784 0.1999999999999999 0.5 -876.92467072039 501.6549458602203 -0.0868689982346847
0.9575150914584826 0.1922363500439852 0.9577719235295218 -0.6640314258210079 0.5 -0.2 -873.4963289153652 537.7320313180674 -0.1000393838447285
-1.0877281481276018 0.2721592027359354 -1.084217877341421 0.6294507666314327 0.0999999999999999 0.5 -880.5704638931535 503.4091300769639 -0.0693509652459717
-0.7115882025442472 0.4618587136257904 -0.6846102519569669 0.7267769187689805 -0.3 0.5 -880.9271379502155 503.6897929808051 -0.0850900779645312
1.3328872614029506 1.725334641758996 1.374961130196753 0.1232251436897866 0.25 0.5 -903.6473647764428 510.5030268106942 -0.1543303122541648
-0.0036712881119441 2.2630912721158416 -0.0064957949231071 0.0003065430340678 0.5 0.5 -852.8787271873274 419.5883908550482 -0.1208981830449532
-2.319596687147722 1.777598181491846 -2.3204750940785046 0.1692666599016424 0.4 0.5 -860.8515254510418 505.47556755822 -0.1309669079244611
0.5595686883407125 -0.0148705055237092 0.5664567823288887 -0.7818639863414462 0.5 -0.4 -871.9715755999747 537.0226823946516 -0.0761264016709967
1.0785795835009753 0.2864300048023782 1.0759197393659932 -0.6453281905206641 0.5 0.0 -873.7592395591199 536.8643670841225 -0.1078570378859525
-2.3734824223268465 0.8502782265374479 -2.3740595330989165 0.3668000153820028 0.3 0.5 -919.9680409820684 514.4818400465216 -0.0782685440821086
-2.359200396768863 0.860873163756637 -2.3546363187643897 0.3652745850894951 0.3 0.5 -915.9723006763036 524.4620608012547 -0.1490028756788436
-0.0124980884037351 2.259560280189369 -0.0136917697498044 -0.0010639463159617 0.5 0.5 -854.4366741709135 422.5733645437246 -0.1405764694595243
1.437102377044035 1.6531243650639171 1.4701889402493062 0.0748694917531631 0.25 0.5 -903.4839933876684 509.8646495823448 -0.1593156360329937
-0.9996325026647044 1.6800876773329565 -0.9656089453666744 0.2532460669730861 0.3788000000014597 0.3705999999992701 -867.1346279631854 446.2768233278339 -0.0736414385012027
-1.9881267839825048 1.2381370069390552 -1.9678433167262817 0.3572969146472888 0.3 0.5 -909.1346465027806 523.9888074765626 -0.1000886362968476
-0.012742323117271 2.252532730509138 -0.0159701742351465 -0.001034446653585 0.5 0.5 -852.5669305341231 418.9859216386989 -0.0993511778113341
0.5190204084833012 1.7468139192286651 0.4539334730871056 -0.3584823294094498 0.5 0.25 -873.2824073952233 453.0833103921415 -0.0874018137904628
-0.0021537283145072 2.2636244476596064 -0.0004124700366184 0.0014053149242911 0.5 0.5 -853.5054171454824 420.78486709722046 -0.1530731489359988
-0.0318423402137383 2.123177912627447 -0.0319806973473881 5.407339726960288e-05 0.5 0.5 -848.3592851462508 410.8199431316534 -0.1178046041080164
-1.3380543152774973 2.020736030244316 -1.397968208585872 -0.1778252428290504 0.5 0.3 -908.1016681532412 511.9373249109653 -0.1050162996900509
-1.8083368038938483 0.9480995222405808 -1.7931324098070522 0.3917842841401497 0.3 0.5 -880.2574883749825 506.3901886598616 -0.0982968497089324
-1.1121531894609902 2.057871277104664 -1.1731356155938224 -0.1986176630584977 0.5 0.3 -907.1414633329956 512.1903328459167 -0.1205150348735951
-0.0029084768665411 -0.5238109352165153 -0.0012870460217947 0.0001653730674278 -0.4 -0.4 -856.7533618895412 427.0020822358964 -0.1041506766592019
0.9603137754294544 0.1794529915604482 0.9608966957002246 -0.6632827957528826 0.5 -0.2 -873.4116032550477 537.0546820743081 -0.1425452960136148
0.3974157486689398 0.0055431107104006 0.4041163987268829 -0.8339513168854293 0.5 -0.5 -872.4007791730692 537.9775493707027 -0.1351642995375817
-2.3748964392881304 0.8639661615429499 -2.3747650823977797 0.3668361252456869 0.3 0.5 -920.4979546310942 515.5938975332734 -0.0682857391966293
0.7799878544084305 0.0560193139096487 0.7875034160572175 -0.7094954570159551 0.5 -0.3 -871.3909372270027 538.8582607637298 -0.1396040757307883
-0.8990969342422358 1.881746499970688 -0.9415282134566868 -0.2344171428459987 0.5 0.25 -896.6326982779769 500.26937047741006 -0.0778121957845334
-0.7234148667397986 1.908540241943558 -0.7702422531255393 -0.2599417170767032 0.5 0.25 -897.0695876497832 500.715711541041 -0.0965266908313038
-1.1731356155938224 2.050150272950673 -1.235650627010063 -0.1932363280038167 0.5 0.3 -907.402075474576 512.1207323103564 -0.1162581902678003
-2.065792945917474 1.2007872325592024 -2.049429054017645 0.3570387427597773 0.3 0.5 -910.1366736943176 524.5416875813492 -0.1366167777431083
0.9806524128616122 1.7535116007077334 0.9362832602964108 -0.3060180546914365 0.5 0.3 -899.0034321067524 514.3870086958249 -0.0777905150243025
0.0104956915856716 1.287521662499119 0.0103935657741434 0.0016202853571161 0.5 0.5 -854.4860641010666 422.5835842697848 -0.102265263816506
-2.3493290630909973 0.8551235777108674 -2.3491353800465937 0.3657020312635221 0.3 0.5 -907.364030784133 516.9701438439342 -0.0776385535048908
-0.9255787820461012 0.1586624149424569 -0.9263280766405182 0.6649818956210933 -0.0999999999999999 0.5 -877.9229462580342 503.5241435540911 -0.1137769595799111
1.536349245758733 1.5679572543221292 1.5488115926799884 0.0015627754611166 0.25 0.5 -903.256030879126 509.07577314960776 -0.1528032189147099
1.0716219835264302 0.2935520148507494 1.0668166583816028 -0.6446147463433619 0.5 0.0 -873.6935127096054 536.6263442216654 -0.1223774909820442
0.858117486625392 0.2513122683211428 0.8521994282897781 -0.6327840999174353 0.5 0.0 -871.3146782892484 535.6626784548284 -0.0693885275237381
-1.6693161053768215 1.9656562877623032 -1.7250774667378304 -0.1487189448106225 0.5 0.1999999999999999 -868.1431666491652 523.5031169298674 -0.1238245382753386
0.7789198703662505 1.816184278643144 0.731096218066367 -0.2986378691745642 0.5 0.3 -899.9335662752978 514.1829103771393 -0.094178271021532
-1.0024625557178837 0.1869681528907641 -1.0025835806256445 0.6833315569575525 -0.2 0.5 -879.417997946886 501.55652729188654 -0.1228788759287459
-2.3376001583723656 0.8624399068799941 -2.3373714494281552 0.3677626347992536 0.3 0.5 -919.771345992092 521.7347613882213 -0.0764083618414435
-1.184004157399873 0.3842659713659699 -1.1758451496321658 0.5784460035736854 0.1999999999999999 0.5 -879.8195450477413 500.8445426886727 -0.1534481647699131
-0.3765505441949692 2.049075245350642 -0.4393264198575107 -0.2469283856261871 0.5 0.3 -904.346214835084 512.9642621819688 -0.1543645855058936
-0.9776129094628044 0.250853889131136 -0.9765659571166212 0.6529991401311593 -0.0999999999999999 0.5 -879.9526396387243 504.1244145164016 -0.0994017730040099
-1.569486950900938 1.4834696980217088 -1.5612920399263626 0.1563910579637522 0.4738000000028012 0.2755999999985994 -893.4774279785354 496.5930051112883 -0.150197322087426
0.491757397925718 -0.0115233988849872 0.4993487300961087 -0.7907697942007895 0.5 -0.4 -872.4025218055957 537.2027483586751 -0.1300151100758465
-0.3815728348267188 1.7949897119355045 -0.3157706254514272 0.3571887945911461 0.25 0.5 -904.855502417984 516.4648611953725 -0.100986551218893
-2.3577582612262398 0.8433890975481171 -2.358305717871497 0.3681943456752501 0.3 0.5 -914.6144161093272 511.1295165793536 -0.1519774987478238
-1.872188537842044 1.288575603761092 -1.8476302271621905 0.3584183411825544 0.3 0.5 -908.0538430508376 523.1457540724133 -0.0703666211718423
1.0258043671789134 1.738933340153148 0.9806524128616122 -0.307582674848847 0.5 0.3 -898.7893625419823 514.4282914937581 -0.0749372259461321
1.4747242369695497 1.6195374740832984 1.49113390907032 0.0340667187278282 0.25 0.5 -876.7704322796574 459.0188492827257 -0.0670994117264153
-2.2940982332682225 1.7851366457237992 -2.2954831459679985 0.1703957225854973 0.4 0.5 -861.7650906006322 515.2161626416106 -0.1412911493654024
0.2757076180450317 0.0167066439634795 0.2795412491094787 -0.8731808839637325 0.5 -0.5 -871.7392054888553 537.9373633522547 -0.0860742262361477
0.9294695053792532 1.603656970078747 1.0093104292763495 0.5821300494207629 -0.5 0.5 -885.3859984198787 506.9336751654347 -0.1595443495330762
1.2069545542020426 1.5014465259559695 1.1590750572775992 -0.3914990297743105 0.4475999999988039 0.301400000001196 -888.0949364088852 480.0965918937313 -0.1243456045367805
-0.3623524765695958 1.91044089482172 -0.4086534865575517 -0.3021853599209366 0.5 0.25 -884.6257882582973 476.3257673343353 -0.0721060721640736
2.3529355166046275 0.8417035900078408 2.353168883972728 -0.3677354010937453 0.5 0.3 -900.8864217276072 506.71193872704407 -0.0964090777190836
-1.9023325049634867 1.003079847025989 -1.8885777433480435 0.3783480652031973 0.3 0.5 -881.893919283085 505.93861379822505 -0.0666299470580872
1.394795986685062 1.187157009990517 1.352742068177023 -0.4953967160228579 0.5 0.1999999999999999 -874.720702905942 530.3426625112672 -0.1528774194869206
0.4838622481167971 1.6927738688277498 0.4094114158942298 -0.4390807764424789 0.5 0.1999999999999999 -872.803613803206 528.0673085365587 -0.0732260132374704
2.388720304535628 0.8525648515764627 2.384956551446131 -0.3679232698865967 0.5 0.3 -892.8930818962561 499.3785111102961 -0.0723867230332854
2.0044883462478174 1.2704844107620537 1.9850004426898429 -0.3493998909483409 0.5 0.3 -891.1973852051829 513.5012961415634 -0.1564205347766229
-2.382668008062232 1.6275222682921748 -2.38234986341479 0.1953642567371891 0.4 0.5 -876.7929760184533 492.2454820129676 -0.1562049108222574
-0.8216288101981823 1.6500982787221514 -0.7639063068458076 0.3847202288867389 0.25 0.5 -891.8021482736137 492.6481122367368 -0.0848632354166706
0.9246977098229346 1.6124309313864855 0.8667495321853838 -0.3906628973455895 0.5 0.25 -887.399912950339 479.23820112416473 -0.1480206802073441
-1.0127429640363323 0.2071829301750162 -1.012834580734929 0.647735596053849 0.0 0.5 -877.4676187221627 502.8175434754107 -0.0780811567618752
-1.5612920399263626 1.47698772435921 -1.553151235707834 0.175738769560417 0.4614000000014006 0.2875999999985994 -893.3874365761453 496.4579721021684 -0.1535439808125182
1.5045747520685675 -0.0895005654248324 1.5362249332985245 -0.608887087538405 0.5 0.0999999999999999 -873.62373965063 537.5143057846157 -0.116450511164688
-2.292926770088499 1.018001211740337 -2.2897874153667352 0.36204805470342 0.3 0.5 -915.6632470004562 524.9839456286918 -0.0781679533357844
-2.0665352262035697 1.8290067286223184 -2.091871254267929 -0.0442335417178588 0.5 0.3 -866.3860960907258 521.8372871225207 -0.0677601550244441
1.7159720615094298 0.1204563127301703 1.736015984524783 -0.5865163751556532 0.5 0.0999999999999999 -874.7491890061866 536.5872869731114 -0.0794599015588373
-1.8885777433480435 0.9932601403742148 -1.8705248939447825 0.3801181348119795 0.3 0.5 -881.6723942928205 506.0333470682484 -0.0640687258308035
0.0046757529584643 -0.0627702620006909 0.0029876451074472 -0.000805189781228 -0.4 -0.4 -856.9326873676085 427.3645757920456 -0.1566653157562545
2.372957892274763 0.9069363456125232 2.3705340575093587 -0.3651681069192292 0.5 0.3 -887.9093102656434 502.95400866864657 -0.1329776129478842
-2.3826464443357818 1.661354198949347 -2.3827236892270487 0.18958242247898 0.4 0.5 -875.395305603274 492.2708920957075 -0.1501853489083263
0.0081873342926773 -1.029883500203568 0.0071077944310472 0.0003439856735818 -0.4 -0.4 -854.6874948663444 422.9874247139492 -0.1162405839278118
0.8825500459541883 1.882084978925508 0.9439956740204746 0.2336591519958431 0.25 0.5 -890.7079149259371 487.21355856058034 -0.156076715638821
-1.012834580734929 0.2063988095371927 -1.0129471569150823 0.6477478544696135 0.0 0.5 -877.4620005713616 502.7006508590276 -0.0762360471650773
0.4539334730871056 1.765748858188977 0.3911583540008312 -0.3540083694479123 0.5 0.25 -873.145136841487 452.9361256286298 -0.0807008222197838
-0.7501837430516402 1.6721933336184618 -0.7103671062935784 0.3822471291395384 0.25 0.5 -905.1249528072168 517.7252282222366 -0.1397684177262779
2.0712923110211494 1.2257396745200508 2.053544494103014 -0.3514880037686901 0.5 0.3 -890.377771082313 512.9791899568667 -0.1587327696707515
0.9468213602019644 1.469635163637421 0.904619650640875 -0.4712408784992103 0.5 0.1999999999999999 -873.7635867184217 529.0988249796414 -0.0956743946772553
-0.4407781537097942 1.7773697077239097 -0.3784257391450448 0.3604989534810079 0.25 0.5 -891.5245046487328 491.3946399204237 -0.0693609493427268
1.0060606590427874 0.3328967084479438 0.9990811670580748 -0.6406071350277159 0.5 0.0 -872.9940499152511 535.7190127808896 -0.1536579371713957
-2.380417189166437 1.6927425775440277 -2.381043391796289 0.184006858075054 0.4 0.5 -873.6737542199492 492.49531979158746 -0.1356784100284758
1.2040675650050914 1.7988269857650545 1.2392398171337091 0.1685094149474875 0.25 0.5 -903.8133004546615 511.2173767493776 -0.1386101060029368
1.041017552866509 1.84926535223152 1.0954795239108532 0.2038704996689453 0.25 0.5 -890.5810784605703 486.5960303740802 -0.1504370100258498
-2.2404263381429046 0.995730070760783 -2.2335266051099847 0.3638234982520271 0.3 0.5 -885.6839455379849 499.1137296381477 -0.0848467996348357
2.361307687116456 0.9497657202878776 2.359686019797073 -0.3637802933709548 0.5 0.3 -887.2464594646398 504.6084159466744 -0.0997659551417447
-1.529223277172702 0.5009620819995976 -1.5197075847021566 0.5075213596352143 0.3 0.5 -876.6400561302979 504.8262608535745 -0.1155392894864572
-1.0202509859747535 0.2319666011897276 -1.0190191873493226 0.6513066871933955 -0.0999999999999999 0.5 -880.7123766811201 502.6345876709932 -0.0969686300419226
-1.006322762690243 0.2501007288037478 -1.0004025388604012 0.6522055322762096 -0.0999999999999999 0.5 -880.5960487490156 503.3598060234381 -0.0693852288582019
1.0539712096096945 0.1560244702174404 1.0563819649530215 -0.6506716197120601 0.5 -0.0999999999999999 -872.3658435725557 539.044694765535 -0.1101950218252705
-0.3212345562292549 1.8979843903690263 -0.2837105975121256 0.2181501433327523 0.25 0.5 -865.4470058273859 443.51779398661074 -0.1308789421953274
1.2157088798043612 -0.1740501411443139 1.2467778717414957 -0.6215449924769291 0.5 0.0999999999999999 -872.264948375993 537.8249116222997 -0.156056410814411
2.3635693865930576 0.840075090392958 2.365624127885977 -0.3675155790088757 0.5 0.3 -899.362287054121 501.7558300717761 -0.1270725461003684
-1.553151235707834 1.4686074954146058 -1.5378512989231288 0.2032802201485272 0.4488000000027785 0.3005999999986108 -893.2587326079031 496.25826865511374 -0.1572294373400249
-1.4787050144108185 1.4517832588870268 -1.4503099651362912 0.2924531805114662 0.3988000000027785 0.3505999999986107 -892.8294401668411 495.51746413351606 -0.1561527932710869
-1.0257604649676828 0.2014698421753873 -1.026027317475852 0.6471505166117414 0.0 0.5 -878.146468815584 501.37999338482194 -0.1032124868243484
-1.6486478643494298 1.9157999975459028 -1.7016095100456876 -0.1398818330924659 0.5 0.3 -909.5572168043484 511.5795258868675 -0.0848689272339559
0.7338927256597181 1.583774880145952 0.6686761284583602 -0.4563158731739123 0.5 0.1999999999999999 -873.2914434441395 528.5759783534386 -0.0798359012137342
0.9627783939992558 0.1928237118207866 0.9654478671480472 -0.6575855792930616 0.5 -0.2 -871.0719319561139 536.4209596618073 -0.0684487312032352
2.3474383970921555 0.8570331660069287 2.3475320505925046 -0.3675503592389804 0.5 0.3 -891.46327187921 512.3159602284514 -0.0740267682500757
1.092845538493591 0.2389768951109446 1.0923399026785907 -0.6472036623316693 0.5 -0.0999999999999999 -873.7325706130435 537.7336122939562 -0.0744048879134238
-2.350129334491791 0.8487902020456805 -2.350372769353284 0.3674389137541245 0.3 0.5 -909.9031871569924 512.5473419716919 -0.115698489198815
-2.3625326492556216 1.3823698688656016 -2.3608966654173624 0.2393062619945889 0.4 0.5 -881.9308566397428 493.5941896054373 -0.1199852480250109
-1.117472729378169 1.529375082185267 -1.0650645895513142 0.3977033084678901 0.2738000000027331 0.4755999999986334 -892.0909925579748 493.70245155740105 -0.110310330679957
-2.291577782645989 1.788482807769093 -2.292299892391801 0.1706562266051556 0.4 0.5 -862.108351625919 515.9998634527936 -0.1554377357236392
1.2392398171337091 1.775077698730496 1.2875735249967153 0.1543384647236619 0.25 0.5 -903.7598022682462 510.9797139228075 -0.1448231012244601
-2.347210553439707 0.8658923205767112 -2.3472490554741325 0.3663520342143327 0.3 0.5 -907.8625874936284 520.6077302262407 -0.1515998525233927
-2.362919947455121 0.8610009466617272 -2.3583931074307496 0.3661107091675483 0.3 0.5 -918.5909570699264 523.0563431110822 -0.1264987717420547
-2.2929244334755623 1.0005704592830775 -2.2940949019358103 0.362759230804728 0.3 0.5 -916.1165796544188 524.8348097967013 -0.0706669387953185
-1.0999252274580982 0.2007193248222055 -1.1018718663267195 0.8387760272235554 -0.5 0.5 -882.2135590573639 504.3940890248626 -0.0709395575948913
2.3675700300746656 0.8464896567698734 2.363526379715264 -0.3682272403414329 0.5 0.3 -894.8579490425424 499.3204471618947 -0.0892475323264324
1.4767334817596505 1.453341671606694 1.4479026670112125 -0.288782086819111 0.3475999999987813 0.4014000000012187 -888.9517548060342 481.4570726063039 -0.0721315841756487
1.078873999444482 0.1886385878422884 1.0816020550680774 -0.6497904993881592 0.5 -0.0999999999999999 -873.2432279499062 538.5786937907153 -0.0796002874261581
1.0702603263701211 1.411412488505314 1.0088400316469266 -0.47705578259115 0.5 0.1999999999999999 -873.9729251478179 529.3450672621516 -0.1072643002805413
-1.0134509559341425 0.2030547369201999 -1.0141491803523428 0.6476578251892335 0.0 0.5 -877.5140602013578 502.2818835291351 -0.0734014054406586
-2.3553427214702327 0.8440120802734041 -2.3556847496729723 0.3682538508096917 0.3 0.5 -913.3176584810296 511.1508389643403 -0.1534571082098363
-0.5437490057340048 1.7424091705907798 -0.5023231133973526 0.368860273642601 0.25 0.5 -891.6066209250026 491.790378251112 -0.0709755843253686
0.0072440414730997 2.25217842556831 0.0087722914907424 -0.0026295265208037 0.5 0.5 -862.5369109438967 438.0160602291251 -0.0688807554417172
2.3552927252056186 0.8482166556505185 2.355566928192742 -0.3684679925924718 0.5 0.3 -900.6543749742536 504.2220613261559 -0.0686286782540292
0.3514812139067116 -0.0146991660857586 0.3579761215326249 -0.8553477196791845 0.5 -0.5 -872.1043772072435 538.1307679545754 -0.0843467586919994
-2.321925508832837 1.7762841346496392 -2.322770919991065 0.1695528564975254 0.4 0.5 -861.044259139236 504.63171010029487 -0.1423684571352283
-0.9395931112322315 0.2290286161571223 -0.9376573130971756 0.655262679718824 -0.0999999999999999 0.5 -879.1125245885808 504.33837139928016 -0.1404312603169414
-0.6901175935203143 1.0739479631773776 -0.6137088775714742 0.7669445367544924 -0.5 0.5 -883.4443174022583 505.2845991927141 -0.1025560088164017
-0.8434619062601305 0.3986880184164492 -0.8300344033212592 0.7229996633030259 -0.3 0.5 -880.9745543109888 503.06603302195737 -0.1142524854286118
-1.0190191873493226 0.2328349353014441 -1.0178130892080437 0.6513198254836534 -0.0999999999999999 0.5 -880.7155409598746 502.7528440809095 -0.0928302385241802
-1.4496842485241768 1.6470452457982343 -1.47811504138373 -0.0556018545354176 0.5 0.25 -881.4024744580042 472.887755123672 -0.1576885868087336
1.0662746545022734 0.1678505708458279 1.068316446554208 -0.6504525386457428 0.5 -0.0999999999999999 -872.7817703873638 538.904694258701 -0.0945331333155137
0.0097660427382611 1.3937079857120185 0.0104956915856716 0.001755778137584 0.5 0.5 -854.5560398434312 422.71586968734726 -0.1104584063326268
-0.9284740700762736 0.1469140903375352 -0.9305366459470557 0.6681705614839575 -0.0999999999999999 0.5 -877.8431567697872 503.25588790871126 -0.0974520965457198
-2.353093708063839 0.8537717644001787 -2.351635288691644 0.3664220246518947 0.3 0.5 -920.9545738853192 517.773675574707 -0.1111602569036763
2.348403325519464 0.8503129287021974 2.348577023803104 -0.3670833686881883 0.5 0.3 -899.0790924066084 510.72118708382266 -0.1516971029758119
-2.3562505493052512 0.8605453138580857 -2.3627331575323782 0.3648926521963908 0.3 0.5 -916.865445132902 524.1432686476969 -0.1599936593858109
2.3819075385359887 0.8489837739513862 2.3868722692853934 -0.3677338500896971 0.5 0.3 -893.6386124135543 499.2892776480972 -0.0749558541521032
-1.0276774984130037 0.2066442353154303 -1.028037176629918 0.650088429896911 0.0 0.5 -879.9420904886658 501.34404587300673 -0.1560863284353382
2.3473880999330587 0.7083467188901146 2.3598217764663136 -0.1258912852468543 -0.5 0.5 -889.0275804249882 510.6393753749606 -0.0848544827324069
0.4041163987268829 0.0084427341265295 0.4087862413488481 -0.8314228339749058 0.5 -0.5 -872.4216753054246 537.9540598772621 -0.1387254913950351
2.226798438683953 1.0984510193750892 2.219775725337082 -0.3558813896392129 0.5 0.3 -888.1883512091348 510.65739341046566 -0.1195445983978171
1.5488115926799884 1.5463420316553491 1.5629960105491356 -0.0241199661881212 0.25 0.5 -903.1807610425702 508.8380783319169 -0.1483031139903594
-0.5023231133973526 1.760162027693527 -0.4407781537097942 0.3647582162461482 0.25 0.5 -891.565093165833 491.5928216593572 -0.0696521787300079
0.91124237073958 -0.0298023975187033 0.9250971079473174 -0.6236119259309901 0.5 0.0999999999999999 -870.9415218865304 537.0481569794538 -0.1216009996074173
0.8115462784229835 1.8022898363276916 0.7789198703662505 -0.3003840202175386 0.5 0.3 -899.7246751488451 514.2319015471758 -0.0900177289763028
2.365281248565046 0.7914487096548075 2.36028308403959 -0.3044396312475019 -0.5 0.5 -889.5845450397159 511.1239915506703 -0.0793912691659039
-1.5310981341339955 1.5602927536179674 -1.54900178860194 0.0046321615342611 0.5 0.25 -894.243574765261 497.6367771657809 -0.1109416787510174
-2.3491167265882797 0.8552306767117219 -2.3493622677862245 0.3657942641267834 0.3 0.5 -907.3222085618444 518.4481065114281 -0.0999937478772483
1.086047737314923 0.2020273549756113 1.0883977034049996 -0.6490882465361705 0.5 -0.0999999999999999 -873.4545489388165 538.3303703125441 -0.0742329883258947
-0.3034236967225142 0.2790258979422246 -0.2812695486944584 0.7551765792001046 -0.3 0.5 -880.3385642775337 504.4612032961427 -0.1084800591316323
1.0231168489653344 0.1488154807983805 1.0286360490970972 -0.6513607492006543 0.5 -0.0999999999999999 -871.6631417598425 539.0307314863434 -0.1369005506761712
-2.352899184542132 0.8459227231482518 -2.353201929355029 0.3680702297535232 0.3 0.5 -911.865912350608 511.4790837583272 -0.1448505550346212
-1.5577278246207642 1.4220845695775786 -1.533842846866529 0.3658682364059998 0.3 0.5 -906.4251251554256 521.1378022742049 -0.1018674545278389
1.2798106308252148 1.7615926179667496 1.310367706374905 0.144441872370602 0.25 0.5 -890.3576364774418 485.5697213947946 -0.1335176275017497
-1.5548995223125466 1.9624129877042225 -1.5933544139684064 -0.1552061965491253 0.5 0.3 -909.0102128536606 511.70921827740494 -0.0917548221831289
0.0100483346662317 1.0578204945612224 0.0096808203673313 0.0012721114653648 0.5 0.5 -854.3820215377248 422.387106541502 -0.0917678224375805
0.4087862413488481 0.0132896873948748 0.4156093269579358 -0.8276299733625146 0.5 -0.5 -872.4492717207258 537.9183992232565 -0.1429518845238203
1.8710592083132047 1.3503901410610053 1.85559894734742 -0.3439513419164385 0.5 0.3 -892.628678810325 514.1461782134793 -0.1378278411130467
-0.0012870460217947 -0.4847557262105637 0.0002277543520744 7.808047034577822e-05 -0.4 -0.4 -856.7793256230078 427.0519864041431 -0.1091741606696928
-0.7410216967005219 1.7240905631125645 -0.6908418569890663 0.3005241159897823 0.2914000000007185 0.4575999999992814 -866.4006787178412 445.1502939566066 -0.0748003118568632
0.8436929861056643 0.0598560328257956 0.8506888224164069 -0.7039132174140732 0.5 -0.3 -872.074938472425 539.0775615758887 -0.1042621393086341
0.8797544970505703 0.0264595586414917 0.8900948222763898 -0.6232716864369794 0.5 0.0999999999999999 -870.8491112877435 536.794712839889 -0.1070953381783823
-1.0893269978302742 1.7172779055327207 -1.1106033294189537 -0.0390339308138947 0.5 0.25 -868.8701260995507 448.4468230779962 -0.1421404265247443
-1.9539881508798065 1.0190092523924248 -1.9423681907724544 0.3739031570658521 0.3 0.5 -882.4631718266462 505.64242611203775 -0.0822082494240318
0.8513787655504006 0.1424711646526021 0.8537450121473376 -0.6245496243096939 0.5 0.0 -870.8654036690868 536.2799713052138 -0.085198688875759
-0.0017099409231116 2.255929991559118 -0.0004216089027199 -0.0011659104455744 0.5 0.5 -855.4827914951373 424.57799684886857 -0.0907178975411751
-0.4518834627696622 -0.3661933965232555 -0.4913002708077877 0.8294243234144797 -0.4 0.5 -880.4638652905273 504.0873360523248 -0.1466725180067432
-0.2357331281895945 0.1552273557427917 -0.2275685435403624 0.7678069238219409 -0.3 0.5 -880.2140765626352 504.4751208968464 -0.1255589389001479
0.2006430775950598 1.9551089822373324 0.1619568669429495 -0.2759501391563151 0.5 0.3 -902.174967229072 513.5844682012735 -0.1405454377487233
-0.9405910793719356 0.1427353324826254 -0.9425125284723856 0.6699822021158303 -0.2 0.5 -877.8350649504778 502.7950625911313 -0.0805394073933943
2.348020919244988 0.8515788473432815 2.3481397948898444 -0.3670275664551681 0.5 0.3 -898.5369669619826 511.2379321912187 -0.1505651836422037
2.3472792742542934 0.9634885931239464 2.3432406909374133 -0.362407817638116 0.5 0.3 -887.0170197125633 505.90965434605937 -0.0730169592237459
0.904619650640875 1.5020088345341704 0.8416510153613287 -0.467459496758162 0.5 0.1999999999999999 -873.6370078813682 528.954579170179 -0.0899681570722591
2.3519913268188803 0.8446254079117003 2.3521898058479174 -0.3674883474779984 0.5 0.3 -900.7165869092236 507.7153680281999 -0.1151752156724517
-2.353803128489055 0.8507597892424398 -2.353093708063839 0.36619584935823 0.3 0.5 -920.944826297649 517.499992854264 -0.1190710529773204
-0.9273988515074336 0.1498949948408316 -0.9284740700762736 0.6669451829662152 -0.0999999999999999 0.5 -877.8658763123346 503.3563469944041 -0.1030293337178209
0.0085141184662367 0.672657091977526 0.0087755892007515 -0.0015029534958082 -0.4 -0.4 -856.7482047248218 427.014377384245 -0.1166646630828959
-1.028037176629918 0.2084486788856631 -1.0282210985234082 0.6501675474558851 0.0 0.5 -880.0368017568047 501.4090660736872 -0.15332469120631
2.196343168461875 0.8519065058901473 2.2358652055215607 0.1503225465035994 -0.5 0.5 -887.9849532829774 509.6407982455151 -0.1018966349265334
1.1682471376563957 1.3534042502721528 1.109822793776185 -0.482213218081563 0.5 0.1999999999999999 -874.1763935747315 529.5948666232126 -0.1202344917397697
2.3487743752821117 0.8497384798617846 2.3489377348860785 -0.3671172106448691 0.5 0.3 -899.3835653890081 510.3740570465272 -0.1507427638806227
0.014736300882441 2.2474831151608194 0.0118799274388691 0.0010572857045409 0.456599999999361 0.5 -863.2647720036732 439.427989246662 -0.0927100145041509
-2.372342048576559 0.9062496009532685 -2.374964920987498 0.3634423490285436 0.3 0.5 -920.044233622539 521.4956104377916 -0.1603788964377789
-2.3739208154961102 0.8729716978819727 -2.373431278488256 0.3668854978203389 0.3 0.5 -920.7242728802208 516.3125883101926 -0.0682510224984889
2.367773045226236 0.858317452582264 2.373097423359677 -0.3683338719011292 0.5 0.3 -891.6278957843962 499.72299705501126 -0.087057392968057
-1.5633832869351072 1.4771656303751586 -1.5559683066658487 0.1568938386972007 0.4724000000010709 0.2765999999989291 -880.2237965737884 471.3278659997741 -0.1321605650385377
1.029384261478557 0.3220539873734709 1.0239855879239896 -0.6415152436177018 0.5 0.0 -873.2367896010876 535.9163402532554 -0.157133994819816
-2.3522435395440437 0.8463028433214412 -2.352543175962444 0.3679718577965541 0.3 0.5 -911.4344954768336 511.6447795362511 -0.1401421377122281
0.6817916927391013 1.8440500618478837 0.6314331643927155 -0.294926876456509 0.5 0.3 -900.35587799931 514.0791212942522 -0.1031418900638563
-2.340138492439598 0.8588098585115886 -2.3391974642409545 0.3663802430190816 0.3 0.5 -917.7658069460828 523.6672927916134 -0.1421154615804705
2.348230555751852 0.8577387622718387 2.348295912005941 -0.3671672903809932 0.5 0.3 -892.8918014614885 512.7466063828826 -0.0828181184851414
-0.5867577081330945 1.7370191981045715 -0.5252320526836038 0.3701678063216724 0.25 0.5 -878.4026633841545 466.6506333654106 -0.1075336259647287
-0.1095573975750023 1.8531830630266024 -0.1655964318306312 -0.398974664353209 0.5 0.1999999999999999 -871.8225296629276 527.0656476270708 -0.0869406427066896
-2.3678298528591406 1.740166097412887 -2.3686466293727 0.175405495491175 0.4 0.5 -869.4520399821673 493.969879759764 -0.0867803137477629
2.366958212249519 0.8389587475756838 2.368543476186013 -0.3671624493292196 0.5 0.3 -899.0472407031356 501.4024198256484 -0.13910039846314
1.0864011246851122 0.2723081539148148 1.0846306968379151 -0.6461368770054846 0.5 0.0 -873.7965046132558 537.1966790716118 -0.0909543572145325
-2.359985775110652 1.7510600236056657 -2.3612743778495773 0.1737098960832883 0.4 0.5 -867.7456194862174 494.9938205333368 -0.0746034847731097
-2.3488509137877323 0.8549358660183061 -2.348672850301984 0.3657929977958234 0.3 0.5 -907.4434607207318 516.5100309229911 -0.0742977527948356
1.5660600610228053 1.52033453252828 1.5339550698512288 -0.328426806344708 0.5 0.3 -895.483769431059 514.6893979977016 -0.0850944525598186
1.2875735249967153 1.7505530339762538 1.3328872614029506 0.1392781619209373 0.25 0.5 -903.7045657918432 510.7417069377793 -0.1501385259065923
-2.3714411448636668 0.8485340910517346 -2.3720165217005658 0.3669616918016147 0.3 0.5 -919.3678243251112 513.6202299189576 -0.0899612799484016
-2.2921647824787987 1.776862829122871 -2.2927124997750945 0.1699196085988227 0.4 0.5 -863.7530877628387 518.7909830912033 -0.1213452381173139
2.376953915399578 0.908789300979342 2.372957892274763 -0.3652369321908154 0.5 0.3 -888.0065049179273 502.7833706247463 -0.1383879673325924
0.0114052305903373 2.242557205379192 0.0105579638056369 -0.0010535829126167 0.5 0.5 -857.9515410961407 429.2226789703373 -0.0745841421584876
-0.4913002708077877 -0.3740341840213497 -0.5316990533872525 0.8309291839124266 -0.4 0.5 -880.529238544246 504.0651282150757 -0.1420011783357964
0.6585567763384282 0.0232064589745114 0.6677016308488323 -0.7604728827464562 0.5 -0.4 -871.3971210441522 537.2140083968101 -0.0828905863525496
-0.0328127588776845 2.15496794520838 -0.0178636099701735 0.060624766462419 0.3315999999993383 0.5 -864.3011835593047 441.3989474120245 -0.1518316906231861
-2.331655232628292 1.76884706302023 -2.3322397748325225 0.1720019891554441 0.4 0.5 -862.5002150402131 500.8726468401485 -0.1431768404859816
-0.8102313060918717 0.420859377983838 -0.789273508463751 0.7238262861446443 -0.3 0.5 -880.984576494821 503.2678746376061 -0.1060074909436341
-2.293829083245296 1.7789767668015166 -2.29220599157956 0.1673214457395973 0.5 0.4 -864.0738061319234 519.2204727810588 -0.1104456365022047
1.7250600102276676 0.8277222735277594 1.703877203890772 -0.5208097731054282 0.5 0.1999999999999999 -875.6220342745652 532.357165960077 -0.1310287732704557
0.972652983384841 0.2002298236191534 0.9720405254411572 -0.6538311698919662 0.5 -0.2 -870.6926883835207 536.8740244057166 -0.0849919341752027
-1.129311610757126 0.2993573530802151 -1.12632128132779 0.6077657662371844 0.1999999999999999 0.5 -880.6077777970405 501.5529318625383 -0.1166403311979254
0.4168003809850277 1.91270222249504 0.4842383461254338 0.2925768352430079 0.25 0.5 -877.7846777415758 463.5752891109033 -0.1473597564766423
-0.4154434710427732 1.7817442960558203 -0.3482376918413375 0.3603752907308316 0.25 0.5 -878.2893649011919 466.1187134531955 -0.1268939849789383
1.183812374280257 1.7971848064912876 1.2325818738140963 0.1691887460663235 0.25 0.5 -890.4470763475829 485.9684972847815 -0.1408286600112977
1.5339550698512288 1.5348501552338392 1.5026235240299228 -0.3270561124376737 0.5 0.3 -895.7152051398774 514.6983203218296 -0.0815695241978391
-2.3612743778495773 1.7499267827103402 -2.3621212119954054 0.1738481720626678 0.4 0.5 -867.9341151072409 494.8663185706263 -0.0753714280728453
0.2710723419048209 0.0208451225918343 0.2733971342983187 -0.8745810252281551 0.5 -0.5 -871.7256122370685 537.8869752214874 -0.0932311814289789
2.350797458090122 0.8469371498010692 2.351127532414208 -0.3673192980027983 0.5 0.3 -900.4264519465995 508.6119216952026 -0.1310103956871797
-0.3086703026427527 1.343731538916487 -0.209824291131379 0.7270798580638257 -0.5 0.5 -883.9293802001964 505.680626757547 -0.1215271794017822
-2.3482691735251184 0.8608525895073593 -2.348072815450152 0.3664314539555467 0.3 0.5 -908.775519961002 522.124570624073 -0.1512476090777711
1.3126387572069864 1.631854964591905 1.275106018927564 -0.3180670250276045 0.5 0.3 -897.2063691502875 514.6506881587824 -0.0675675473169087
0.0051406135808461 2.264238411650151 0.0066891088802202 -0.0012926486365978 0.5 0.5 -858.4946533940532 430.25982619660726 -0.0872554662831621
0.6277951670761863 1.7087286883741764 0.5631354751768668 -0.3653594026541182 0.5 0.25 -873.5134024071982 453.33301935172153 -0.1004843846301731
0.0193093752675789 2.2421134654025248 0.0187637401198854 0.0110748078207229 0.4191999999986994 0.5 -863.5742233828939 440.0234422261351 -0.1148947700559635
-0.9032864192551298 0.3425059813033471 -0.8934216789623105 0.7219151852503806 -0.3 0.5 -880.8912756283873 502.6905884022048 -0.1332988815737751
0.8605495852550351 0.0874056771171341 0.8664498541199209 -0.6229205689735973 0.5 0.0999999999999999 -870.8241538432104 536.5345930687558 -0.0952151870962621
-1.3954985095466583 1.952897993350136 -1.4644893359258395 -0.2269712314154857 0.5 0.1999999999999999 -869.0407887713341 524.3377750263303 -0.1445869521577456
1.8867489054143969 1.1878355213925265 1.958021074052212 0.3478166604090704 -0.5 0.5 -887.0226320119916 508.6246083413723 -0.1276240553183318
1.0095555997121657 0.150409255867987 1.0144253904944769 -0.6517248338228341 0.5 -0.0999999999999999 -871.3712151582603 538.9282937351967 -0.1477247911408953
-0.2713784249411478 1.8252516814112356 -0.2049297322509005 0.3483752915087811 0.25 0.5 -891.41840598415 490.8573238088217 -0.0733237101555385
0.8578087630089494 0.0651906649553038 0.8625785485225775 -0.702323155248718 0.5 -0.3 -872.2366046104262 539.0677524003654 -0.0971224588709949
0.6978671196828248 0.0726509970933451 0.7039422096778993 -0.7360045119576969 0.5 -0.4 -871.0964699062935 537.588055404049 -0.1092938213308458
1.5888641680073965 1.005381536223556 1.5565350134792737 -0.5094330415644452 0.5 0.1999999999999999 -875.2515989996525 531.2964229299959 -0.1540402777890095
-1.1434228833709843 1.8102872379355477 -1.1928370385083464 -0.1799503285684953 0.5 0.25 -882.597527739105 474.2251798655733 -0.1093145315115077
2.348436150851436 0.8576234654573988 2.348395947779039 -0.3668767356446013 0.5 0.3 -894.4603278620036 512.8523160927396 -0.101031827270218
-2.3552391789729024 0.8661482078436591 -2.352685525494836 0.3664407104104937 0.3 0.5 -913.4713844271664 524.6861348724685 -0.0879238098258096
0.0045549494641089 2.265794674478017 0.0026234295772412 -0.001050149047439 0.5 0.5 -859.1091405190899 431.4443789488762 -0.1165892330636285
-1.0223787054750757 0.2257197800419504 -1.0201923717902432 0.6390404910859697 0.0999999999999999 0.5 -877.8606415342 503.7325361345133 -0.1184307320342606
-0.7616420474701621 1.0079215450837602 -0.6901175935203143 0.7748301028513425 -0.5 0.5 -883.3400377179565 505.19960311944976 -0.0984848492012933
0.0019001700878687 2.1953532109156173 0.0039567406825219 -0.000160515369957 0.5 0.5 -856.425573371273 426.2880092416227 -0.1297391605254208
2.381279128712418 0.8640039881622168 2.3868024322206645 -0.3673631579133335 0.5 0.3 -891.1920471614275 499.9048957100964 -0.1043803339591391
1.0563819649530215 0.158781334149715 1.0597087832822416 -0.6506102811882101 0.5 -0.0999999999999999 -872.4798161972841 539.0179854837992 -0.1058561077047966
-2.299000512730192 0.97793325018986 -2.292061078565664 0.352405029946848 0.4 0.5 -885.0294043591864 496.7258682516293 -0.0741440258239921
0.3483956841224715 1.9143142425441115 0.4196564394524339 0.3000148928783573 0.25 0.5 -891.0623503275128 488.9975285673854 -0.1286052929457434
1.703877203890772 0.8612487159709799 1.6809505322244536 -0.5188991330096472 0.5 0.1999999999999999 -875.5683120268459 532.1537396785651 -0.1357464279089566
0.0026494971158655 2.259583360642321 0.0035782532588509 -0.00163036038689 0.5 0.5 -860.7907520715103 434.658449363105 -0.1365110954886749
0.0059747621897135 -0.8182872786737154 0.0073844399113315 0.000232382191958 -0.4 -0.4 -856.3057289619227 426.1349941310301 -0.07754071541057
1.6557245891618806 0.039282951174031 1.679583582514854 -0.5953982270262422 0.5 0.0999999999999999 -874.3989043379405 536.9617946363429 -0.0899199933923635
0.3911583540008312 1.7747860777215143 0.3499089196917375 -0.3508965398548813 0.5 0.25 -873.0540569504046 452.8390995552415 -0.0771576223199287
-2.3734456098353323 1.4820429043314518 -2.371815312572057 0.2202367557357321 0.4 0.5 -880.4277388314434 492.9163999131771 -0.1404339664311035
0.0026234295772412 2.2547418460192903 0.0017558228063604 -0.0012758053582579 0.5 0.5 -858.9973666175746 431.2285204063391 -0.1100515572994254
1.4194863679651142 -0.1347523036720622 1.4515680839192 -0.6139732312815858 0.5 0.0999999999999999 -873.2105397929997 537.6905364157091 -0.1304961342054423
-1.85842623908276 1.928253185803673 -1.9079334704779212 -0.0972060676845284 0.5 0.3 -867.3401093560967 522.7658154755998 -0.0917682837344359
-0.6042888508999572 1.9143589026329324 -0.6473546984632573 -0.2746169557633228 0.5 0.25 -884.0620981416365 475.7491615649204 -0.0732927880512088
0.0056214039505464 -1.0211954667009406 0.0043248158232445 0.0003315666706321 -0.4 -0.4 -854.7748753961056 423.1584398820094 -0.1248058795631965
0.7289422126616252 1.9117605486617444 0.7712499499199739 0.2573660681606868 0.25 0.5 -904.196522474508 513.0860108084469 -0.0856212919552193
0.8712791588553105 0.0490654476141043 0.8797544970505703 -0.6231507757505615 0.5 0.0999999999999999 -870.8318983739806 536.6977422176127 -0.1023682792233583
-1.025153532483131 0.2024062858905111 -1.024846152236142 0.6482007582298684 0.0 0.5 -878.7133676168705 501.1295693312442 -0.1331954624271616
1.3500261761829555 1.6168438544055013 1.3126387572069864 -0.3194582058758058 0.5 0.3 -896.9798438410687 514.6689392166378 -0.0685193623183559
-0.4031277331711312 1.922154844408836 -0.4707962102895316 -0.2939959213290173 0.5 0.25 -897.760571175228 501.4103113138689 -0.1339760045098112
0.3405902377033594 1.8090897711732263 0.275758919020362 -0.354031925751683 0.5 0.25 -886.0580268687212 477.7911218454678 -0.1384163055313824
2.3473809095261493 0.8567135417083701 2.347288594138333 -0.3677378811303072 0.5 0.3 -890.400397552387 511.74711061226986 -0.0744017786488926
-0.004067496200675 -0.6166814008998306 -0.0047502729632911 0.0004763003384591 -0.4 -0.4 -856.6738191568095 426.85086522763777 -0.0864307722311543
1.5529156326227975 1.5060844729610865 1.552683967476259 -0.1070107156622357 0.2555999999990996 0.4938000000018008 -876.3690780473745 457.7743563059486 -0.0944469969351377
0.5386868033358847 -0.0167063113931602 0.5471531446141403 -0.785295508466737 0.5 -0.4 -872.1336856622281 537.0505581159127 -0.0935590422410925
-2.101812422270346 1.0300184637611756 -2.0957843913147625 0.3637901002487702 0.3 0.5 -884.5689139757384 503.6235015084636 -0.1547200818777344
-2.209934606328838 1.0975982582190225 -2.20360200225112 0.3589653727069465 0.3 0.5 -912.9935913615578 525.2785393754317 -0.1434973858210241
0.9577993226756067 0.1923878894305857 0.9595460219892492 -0.6585667402268173 0.5 -0.2 -871.2213220979912 536.314952248979 -0.0681225775245551
-1.1409398136740203 1.6811702766060783 -1.1328251337767352 0.1002291977856603 0.4788000000015052 0.2705999999992474 -868.08691969064 447.5234818744651 -0.1147905337370041
-0.4393264198575107 2.055271257383542 -0.5014577866678988 -0.2435272183297988 0.5 0.3 -904.5718286126082 512.9003579692144 -0.1532739900058702
-1.068661609862608 2.063775952002791 -1.1121531894609902 -0.2035857648948316 0.5 0.3 -906.8922829229938 512.2573976784817 -0.1245627565576871
-0.0027833623137609 1.8212346825330608 -0.0009614818063318 0.0007146527947229 0.5 0.5 -855.0021130289609 423.5673372475756 -0.1363603590476467
-1.7745435351430383 1.967896601342362 -1.8254293900809448 -0.1142650013914861 0.5 0.3 -867.7100522852803 523.1082533908028 -0.1069091503840334
-0.0012820977675211 0.2494894857507878 -0.0029842281866733 -0.0004143468346672 0.5 0.5 -854.1948295316504 422.0299459660476 -0.0655994109708501
1.3535386284373183 1.7129553247352738 1.392872039526971 0.1112247230178054 0.25 0.5 -890.243891386921 485.0882377288397 -0.1235465018987457
-0.603558917268544 1.860489599487096 -0.6561279067478025 -0.2280405659854269 0.5 0.25 -870.6691765700024 450.37453414153697 -0.1251172951210411
-0.0006162874196202 1.964897596948803 -0.0013885797339186 0.0006076843630834 0.5 0.5 -855.3620450453697 424.2609867718751 -0.1501672819990414
0.0048043688730132 -1.0349752964903196 0.0064281296560565 0.000658441481765 -0.4 -0.4 -854.4120013930369 422.4457160959938 -0.0894961961660616
-2.348672850301984 0.8547933391199359 -2.348495696541482 0.3658634339409045 0.3 0.5 -907.5056844198024 516.2388350275231 -0.073108041762518
-2.3479842771709327 0.8528462264045779 -2.3480186676464267 0.3662877080120253 0.3 0.5 -907.9389704210134 515.0189859631721 -0.075221896647789
2.311131144464088 1.0139839816188672 2.3069452458493256 -0.3599764989361927 0.5 0.3 -887.1154239241039 507.8789003314759 -0.0759286748380452
2.348373545293164 0.8579415172137336 2.3484329012619307 -0.3670391166904455 0.5 0.3 -893.4427104892052 512.8254297437499 -0.0884478475656451
-2.3794479609866594 1.5598570852909417 -2.378665582225004 0.2067118587659067 0.4 0.5 -878.8060353084963 492.4726499016889 -0.1534737548260779
0.0070889466560073 1.86890048789476 0.052680862609563 0.3322172888259661 0.25 0.5 -878.0439659496732 464.9066101854781 -0.1516983790232831
-1.0823964000819393 0.2735741385282451 -1.0835389959803932 0.6294743851898883 0.0999999999999999 0.5 -880.3706433854184 503.6772463620479 -0.0835566365778958
0.9712562780868006 0.1972997069329944 0.970774835367516 -0.6523278889551589 0.5 -0.2 -870.6006370598628 537.0744680181242 -0.0913675622306788
1.0018898332161397 0.1537347107965481 1.0048156056195394 -0.6518696476271323 0.5 -0.0999999999999999 -871.1732969922815 538.8170188080944 -0.1544256161406484
-0.0003555788334602 -1.0163782995184183 -0.0011875447495401 0.0003113106730957 -0.4 -0.4 -854.9645079817723 423.5253684118847 -0.137198557664788
-0.014907328270647 2.227106390149597 -0.0151706577883727 0.0020616647727518 0.5 0.5 -849.3644688300886 412.7801401853092 -0.1592176918335444
0.9828211003778724 1.8635405246226109 1.041017552866509 0.2153979172613927 0.25 0.5 -890.6285743741022 486.8255005549097 -0.1532385025059744
2.3746264502469967 0.8754768914953763 2.3748684416173003 -0.3667367696688222 0.5 0.3 -889.453630949162 501.0327158367338 -0.1455701118518496
1.014908656094322 1.5713806692002668 0.9605828716039432 -0.3980007250083635 0.5 0.25 -900.9665700611056 504.7494604944576 -0.0743221490582561
-1.8476302271621905 1.3043998829868586 -1.823040273291272 0.3587680973462605 0.3 0.5 -907.875143232872 522.9767482229837 -0.0699905608066815
-2.38234986341479 1.618450578804329 -2.382042839468681 0.1968950878597213 0.4 0.5 -877.1133761201412 492.2600774472152 -0.1567029994303271
2.245631649900052 1.083980879667996 2.236664654150501 -0.3565986409953592 0.5 0.3 -887.9491463356912 510.2496766565129 -0.112659133294042
-0.7702422531255393 1.8997869988952296 -0.8358683932957605 -0.2509420313009893 0.5 0.25 -896.9083539806877 500.5515944398291 -0.0884748430560751
-0.6507080390371592 -0.3790105171485845 -0.6810925363470984 0.8360066790351317 -0.4 0.5 -880.7895061685647 504.01489516032433 -0.12234288149842
1.792007865529496 0.2839893057410332 1.8030724663803364 -0.5667516595442287 0.5 0.0999999999999999 -875.2541543082988 535.8135762401768 -0.0710129001897831
2.360396827462769 0.844925759048926 2.3616020933068818 -0.3679369178127151 0.5 0.3 -899.70055096003 502.2001087299889 -0.109837947290724
0.4556577447607406 0.0358634693952033 0.4598002473254093 -0.7952524763892532 0.5 -0.4 -872.5573452705067 537.4964933673123 -0.1504845296014027
-2.376074136963401 0.8735168147536593 -2.377517797423313 0.3661097817774222 0.3 0.5 -920.9428348318232 518.07920317338 -0.1013204824801274
0.8900948222763898 0.0042406217137214 0.9021467855289764 -0.623403186978548 0.5 0.0999999999999999 -870.8758090109432 536.8908784492901 -0.1122349827060815
-2.3720165217005658 0.8484922954932635 -2.3724867761010646 0.36691178094109 0.3 0.5 -919.5436479261846 513.8448717720552 -0.0866410253988869
-0.0023928315868609 0.14901452363509 -0.002437883547902 -0.0009232256783374 -0.4 -0.4 -856.9212224346861 427.3414659277676 -0.1476153283674063
-2.347491817583915 0.8620489346402233 -2.3414155360923656 0.3676956007563217 0.3 0.5 -920.0239538519628 521.332710179145 -0.0704689177296011
0.970774835367516 0.1939796337332431 0.9707189857819172 -0.6515145933553971 0.5 -0.2 -870.5666876180937 537.1773592875965 -0.0950295037437266
-0.9772276216666322 0.251512181535705 -0.9776129094628044 0.6530034690572512 -0.0999999999999999 0.5 -880.048188924766 504.0620035428852 -0.0922070052280798
1.0818247002967882 0.2836175285189463 1.0785795835009753 -0.645552294214692 0.5 0.0 -873.7745349711197 536.949152692351 -0.1031099275439526
-0.7117745290869217 1.696103040686918 -0.6507284970133975 0.3766992218551685 0.25 0.5 -878.4899671426258 467.0416945879083 -0.0939756579028132
1.8293058653764296 0.4977895022334586 1.828049917675139 -0.5360269450267999 0.5 0.1999999999999999 -875.6764988255856 534.6265032410018 -0.0800560471504029
-1.9475852090041612 1.247266903056542 -1.9328502579867608 0.357532523810088 0.3 0.5 -908.7792752547014 523.7433904111274 -0.0860470404229937
-2.302995569768398 1.780114349948987 -2.302887135147062 0.1698485674592671 0.4 0.5 -860.8541597790098 512.1866795993305 -0.0825438792656511
-2.3619642073075315 0.901511194714576 -2.3638120803651423 0.3647796700402249 0.3 0.5 -920.4079642014188 520.7421469245924 -0.1490496287830311
0.8560919166048625 0.110462998109464 0.8605495852550351 -0.6227753653866959 0.5 0.0999999999999999 -870.8320493408789 536.4381629767862 -0.0913128508915147
2.380557469199712 0.8915892450933548 2.383949194000198 -0.3657832445867724 0.5 0.3 -888.9177943825567 501.55891091922393 -0.1580755670254074
-0.003754393785852 2.260840548424069 -0.0017099409231116 -0.0015318452980939 0.5 0.5 -855.6013196669747 424.8044903481305 -0.0843587878519006
0.0081147148659302 0.7812529252099588 0.0050737343175025 0.0007144184171378 0.5 0.5 -854.2870852370598 422.207627691817 -0.0836352047110924
2.3563440774842617 0.8533014387120365 2.3567398356488285 -0.3684959577015465 0.5 0.3 -900.302364013875 503.2596465190447 -0.077762991513551
0.0011863611209703 1.996901682581023 -0.0006162874196202 0.0007183185032839 0.5 0.5 -855.4327422682705 424.3969260415343 -0.1512113972894579
-0.0024624302201145 1.896600094282167 -0.0031631807091923 0.0004464745718264 0.5 0.5 -855.1641126807235 423.87958685428544 -0.1449050923879524
-0.2583080333616388 -0.2382164815440288 -0.2794622709852351 0.8196687382437725 -0.3 0.5 -880.1784606536779 504.2758748483358 -0.1553875915879153
0.9990811670580748 0.3344895585593738 0.9875608000768435 -0.6403116023094568 0.5 0.0 -872.893670144994 535.655732091641 -0.1508046888109113
2.3390064085949085 0.9667380126992408 2.3359184759140303 -0.361835700836649 0.5 0.3 -886.9935906825252 506.3816910531274 -0.0674609072832509
-0.0279178538901929 2.028861521446209 -0.0257092701172701 0.0004045926476764 0.5 0.5 -847.9004144808899 409.91746676620073 -0.0942347116552346
-1.141426736965932 1.6943630228553694 -1.1433872843234785 0.0451475956237161 0.5 0.25 -868.3734761808329 447.869610070504 -0.1238852767031518
-1.6753082590162989 1.387168649269649 -1.6443240942352038 0.3624384426861616 0.3 0.5 -906.8612276880928 521.8040274182138 -0.0862473612186102
1.0031385663184578 1.856179409297844 1.0594924226197266 0.2096902997027204 0.25 0.5 -877.3756839615506 461.5448553843838 -0.1062258343978044
-1.0267972600898108 0.2037547619947289 -1.0271696115984543 0.6499040074534115 0.0 0.5 -879.7371080674045 501.23309731023113 -0.159447135621631
0.8993283059294441 1.623100621816079 0.8460725219227706 -0.3817537524411736 0.5 0.25 -874.1400634906184 454.0315096714372 -0.1374150483113185
1.096953717407377 1.8350971491700447 1.1512290199802058 0.1906609455645955 0.25 0.5 -903.9002977275968 511.61849960037136 -0.1268532203908433
0.0913430071046114 1.8918077126718849 0.1615839529790673 0.3216985129940296 0.25 0.5 -891.2109651602036 489.7695342397233 -0.101861650826236
-1.4503099651362912 1.4492679762025895 -1.4188805458185687 0.3127545935684531 0.3864000000013779 0.3625999999986221 -892.725960271067 495.315188521157 -0.1525896698180984
2.348215868162763 0.8569787084047823 2.3481617768661733 -0.3668213941247266 0.5 0.3 -895.3916043408337 512.7424576124058 -0.1139849248907096
-2.361729514319087 0.8931180832532322 -2.3619953126861195 0.2721935288277924 0.5 0.3 -916.1495858842728 511.3643438939677 -0.1001270896060365
0.2733971342983187 0.0196893142290529 0.2757076180450317 -0.8740212877570263 0.5 -0.5 -871.7300449939879 537.907798553681 -0.0902107555673281
-1.0158038407494354 0.21176033797087 -1.0145974850121826 0.6431336375435259 0.0999999999999999 0.5 -877.623514787927 503.38051790902585 -0.0957958653437502
-2.204549695002048 1.0054016864450284 -2.200145140277226 0.3629240217194342 0.3 0.5 -885.6470686895215 500.7514800507962 -0.1290977441451721
-0.6001991464354199 0.4674986731886923 -0.5774403300542119 0.731201522166279 -0.3 0.5 -880.8239780426508 503.9659623972981 -0.0705410485436518
0.0062790099139606 -0.7642842225499137 0.0052243175386163 0.000226124766524 -0.4 -0.4 -856.4497073564639 426.4190075440764 -0.0722739795995043
-2.348332060163105 0.8551595403343173 -2.348384810660514 0.3662220092137965 0.3 0.5 -918.5798195319718 512.7077765576976 -0.1400396936055794
-0.989730118496407 0.1555623458887836 -0.9930476944486936 0.6768626220311271 -0.2 0.5 -878.7169641209385 501.6789271511392 -0.0913882689885363
-0.0003009681183611 1.1361020889261764 -0.0037642097794274 -0.001764396523426 -0.4 -0.4 -856.4987791773608 426.5396766761564 -0.0817355194256774
-1.0825241754405033 0.0597006065577003 -1.0916846515119325 0.8469151254165634 -0.5 0.5 -881.9948216675573 504.2805105755571 -0.070319296137155
-2.366709953195356 1.741699703045282 -2.3678298528591406 0.1751544102625074 0.4 0.5 -869.2510629375275 494.07604692436007 -0.0848412073098276
-0.9752317228538608 0.2599676863616463 -0.9682857174402382 0.7025003865886941 -0.2 0.5 -880.4930079538527 502.0399204328132 -0.1588940058976217
-0.9505001563874012 0.1412588775686549 -0.9528104464674064 0.6715821154871546 -0.2 0.5 -877.9455533407082 502.42190836969496 -0.0745638969227449
-0.3441489751548083 1.8803973092836264 -0.3852660003896835 -0.2745401461467782 0.5 0.25 -871.3755111425425 451.10732370616046 -0.0918136969208701
-2.2525323595495954 0.9870933533685614 -2.247641684989921 0.3639350522574241 0.3 0.5 -885.6102035381042 498.5686240819652 -0.0762644562793805
2.3704052794623154 0.8556775334417207 2.3670573779479422 -0.3686974972514192 0.5 0.3 -892.0733582372577 499.5721719961456 -0.0752650444877537
-0.0009614818063318 1.7499599179266745 0.00115257676309 0.0009250877566385 0.5 0.5 -854.9117768925998 423.3937684484113 -0.1313180217472357
-2.309983174098328 1.7798756720770823 -2.3108881578218354 0.1696889672046098 0.4 0.5 -860.5295555608697 508.1642501096885 -0.0891780391436795
-0.4801077596800429 1.7635883364236962 -0.4154434710427732 0.3642341229433997 0.25 0.5 -878.3316144397579 466.3196396648674 -0.1197887706146618
2.350490464976763 0.8473828433430851 2.350797458090122 -0.3672834399538972 0.5 0.3 -900.3152870225535 508.8722099716516 -0.1351102921200382
0.9608966957002246 0.1791217491527821 0.961370857184626 -0.6631558160658845 0.5 -0.2 -873.3827057695958 536.9847236582885 -0.1461200248576366
0.2052376295880596 1.835739132629963 0.137012341190336 -0.347119162494206 0.5 0.25 -899.1078268867061 502.7632646055792 -0.1502601279520574
2.3639664669253526 0.8468144892035547 2.364624688687728 -0.3670238900144082 0.5 0.3 -897.5096003539448 500.1923128253867 -0.1511876793052126
2.351024257307907 0.963238515686074 2.3472792742542934 -0.3627346008082918 0.5 0.3 -887.0458287358199 505.6288562448467 -0.0780345560697584
1.1255864230438153 1.531738894035731 1.0739188628020526 -0.3973966637229644 0.472599999998804 0.276400000001196 -887.8806360031576 479.817698226108 -0.1343765490757983
2.3771487318114297 0.8546251750148735 2.3704052794623154 -0.3685643431837646 0.5 0.3 -892.3481438263158 499.49565024342496 -0.0721631141714182
-0.3653164658853626 0.3553560206951132 -0.3421368816191961 0.7473053942626766 -0.3 0.5 -880.4589473887298 504.4046689274944 -0.0904868187987239
-2.3608966654173624 1.361344621132628 -2.358409260441555 0.2436732314638506 0.4 0.5 -882.1940409172923 493.7465077262085 -0.1157605330981496
-1.2906663221379098 1.4729547337935829 -1.2474933495836766 0.3773789067101173 0.323800000002733 0.4255999999986335 -892.3424383527395 494.4365459426608 -0.1300002048426004
1.5612225408051992 1.4740470501871494 1.5482734650750365 -0.1800340121857962 0.2855999999987699 0.4638000000024601 -889.377367962502 482.3713928798311 -0.0684741917853261
1.208580360031269 1.673096992146944 1.1679606860402354 -0.3141807806959991 0.5 0.3 -897.8195791920843 514.5832779201696 -0.0674685638157118
-0.2837105975121256 1.9067714336530024 -0.2596785777817675 0.208941544986049 0.25 0.5 -865.3761352930082 443.3911070253226 -0.134052876784662
-2.347058372434814 1.2589088736223064 -2.3446016051944523 0.2664533275591196 0.4 0.5 -883.2546892180214 494.4979424777728 -0.0977154349954787
-1.0021468866953855 0.1801595319310106 -1.0024625557178837 0.682049144109809 -0.2 0.5 -879.3026018776611 501.5546324258305 -0.1171740351349651
-0.0165613138801492 1.8723056254864423 0.0542539538494194 0.3318579020687962 0.25 0.5 -904.6423254350144 515.3784926813 -0.0791174968167897
0.0025942748170261 2.2252880021145947 -0.0008379764066634 -0.0023279159548392 0.5 0.5 -857.4492597726752 428.26053122776966 -0.0725880939331564
1.049992456029208 0.1545704894903766 1.0539712096096945 -0.6507143278719998 0.5 -0.0999999999999999 -872.2865677454811 539.0584300347867 -0.1132002714583214
2.118592746479711 0.9542548363558778 2.166827430376832 0.2194498445182467 -0.5 0.5 -887.6757536085911 509.3212327534444 -0.1088710862044182
-2.3556716763947163 1.324317007367825 -2.353573751186974 0.2516246298093769 0.4 0.5 -882.6164467611871 494.0169118263066 -0.1085300292936649
-2.374562163801418 0.8570197322514848 -2.3747925031125794 0.3667929158137922 0.3 0.5 -920.31629098316 515.1535625397087 -0.0713147233480668
-1.111853572378722 0.2563606133206984 -1.1104936912184034 0.6280225407088865 0.0999999999999999 0.5 -880.828058482968 502.6605513041302 -0.0789395738780068
-2.3365173212114927 1.766179607932472 -2.337176597567238 0.1726184243422133 0.4 0.5 -863.3970500092879 499.38192944095897 -0.1215889387206322
-1.31631014810236 1.7294076142675596 -1.3557985348365256 -0.1246798897906411 0.5 0.25 -881.996826941257 473.5686705740014 -0.1391863480106442
-1.1018718663267195 0.2501567653310632 -1.0994179982225 0.835845275759914 -0.5 0.5 -882.2853386005269 504.4350394776309 -0.0716008530213857
-0.9560506520614483 0.1393324466909767 -0.9593400358633402 0.672519448440196 -0.2 0.5 -878.0490880156086 502.23353195555416 -0.073812345135028
1.2429430475535808 1.4800158861903598 1.2103998949689554 -0.3860046562261766 0.4375999999984629 0.3114000000015371 -901.5624975969316 505.5163905136179 -0.0703404528984632
-1.3557985348365256 1.7074476149906763 -1.3934839367633196 -0.1070206756726218 0.5 0.25 -881.8311493847367 473.38251541666494 -0.1466158138630295
-2.3240160295353167 1.7745782815896842 -2.324776524055348 0.1700203405728209 0.4 0.5 -861.2833316024253 503.7874243767768 -0.1504201496174316
0.5475486474806159 1.7410145001551711 0.5061466179828721 -0.3696073631521847 0.5 0.25 -886.5784500106746 478.3305313708021 -0.1516874271269422
-0.0029334361040432 -0.6015482527263217 -0.0015754735908481 -0.0003002263457013 0.5 0.5 -854.2397542173442 422.1118766853031 -0.069842520575951
1.3944675546649767 1.6825169148141834 1.4169025263726265 0.088611771504163 0.25 0.5 -876.9404510556654 459.648039645494 -0.0660836348595975
-2.3122012571532227 1.779577930122905 -2.3135254606285325 0.1694513325891904 0.4 0.5 -860.5669716155375 507.5215230299453 -0.0981888349798794
1.0594924226197266 1.8373088708145235 1.112621995433201 0.1977715687098807 0.25 0.5 -877.3270741735839 461.3155250753241 -0.0998878596109155
-0.1215541213739366 2.048737773146528 -0.1055381450241707 0.1240070118976175 0.2691999999986539 0.5 -864.8131641313743 442.35890186281785 -0.1505525493041526
-0.0303653793163793 2.070962717590022 -0.0291249028333062 0.0001693300850922 0.5 0.5 -848.076398944749 410.26292436208064 -0.1037290420978244
0.0100159929160193 2.2474118710806543 0.0073669920234633 -0.0021131775368693 0.481599999999361 0.5 -863.0723983467279 439.0550698287034 -0.0828755193261809
-1.025927114047498 0.2025759660619228 -1.025613106311844 0.6477856043753024 0.0 0.5 -878.5241113901801 501.1849159930847 -0.1237792697923505
0.7602371811500129 1.6707608600139878 0.7227022143300952 -0.3834392612218075 0.5 0.25 -900.380629627218 504.0804113610386 -0.1051954478200353
2.3857329484174663 0.8415746777874338 2.384094230195054 -0.3665944559286963 0.5 0.3 -895.8651243948788 499.5131756957092 -0.1255771250790594
-2.318625362452643 1.7779048872202785 -2.319596687147722 0.1692142083669096 0.4 0.5 -860.7901866397522 505.7953379147808 -0.1260279591433641
0.0152489713480635 2.268195898402129 0.0157018920857172 -0.0017476788471983 0.5 0.5 -862.0296299252162 437.04191199742 -0.077939337251744
2.3538281601168385 0.8403923234666869 2.354064433010861 -0.3680443608466624 0.5 0.3 -900.9029245145612 505.6849249345069 -0.0796172378709162
-2.2212008651076074 1.073848259579842 -2.2172293706344743 0.3598473066809072 0.3 0.5 -913.4624124576928 525.2947668644197 -0.1273006183823629
-2.373792347339637 1.72615431387827 -2.374533294189781 0.1779197827893204 0.4 0.5 -871.057940237301 493.24584838773137 -0.1050087270496906
0.6726282165041163 0.0360589278398063 0.6788642115707786 -0.754948542138576 0.5 -0.4 -871.3027928468803 537.2973112251337 -0.089545523748239
-1.0907226124543488 1.6933086151122587 -1.0754979303029262 0.183666951138334 0.4288000000014825 0.3205999999992587 -867.6146411673926 446.92985171118056 -0.0940675023765957
0.2348892955458924 1.9076350636024049 0.301262522474844 0.3105334754677696 0.25 0.5 -877.8949579701348 464.1426413074984 -0.1515128254452386
2.3718457818110137 0.8417714910261579 2.3756745606337684 -0.3665196853766331 0.5 0.3 -896.8409367889333 499.8538670332725 -0.1485106670944312
-1.112901198149917 0.2508076312278613 -1.1123942012658667 0.6278681953710762 0.0999999999999999 0.5 -880.8420008038592 502.445948825378 -0.0856890553943269
-1.104661359752133 0.2667638370104876 -1.101611152072154 0.6286577354529534 0.0999999999999999 0.5 -880.7582179281524 502.9897330662279 -0.068994023765666
1.0954795239108532 1.8313474020198528 1.1489297120188724 0.191440393499034 0.25 0.5 -890.5317001679488 486.3609180694275 -0.1470797542553643
0.8852942416393549 0.2844060224530388 0.8770318303340917 -0.6343944856534358 0.5 0.0 -871.5799106522244 535.5238520023875 -0.0860238356616985
-0.7746938246794504 0.4405552376514753 -0.7524498600067813 0.7246649384474424 -0.3 0.5 -880.9746541965794 503.43594665950536 -0.0986345876228705
-2.3054703355744217 1.7807273784000384 -2.3065186567527887 0.1700747055821103 0.4 0.5 -860.5225004938441 509.2640579959114 -0.0779864725138504
-2.373431278488256 0.8748177775644985 -2.373046628995903 0.3668546114425795 0.3 0.5 -920.7869052171033 516.5770465209229 -0.0703431065128193
1.5645554453281711 1.5114917269647117 1.5704651414171338 -0.0708785964999276 0.25 0.5 -889.6937579127325 483.20217135489736 -0.0821915207187093
-2.3522974924587507 0.8552323334199411 -2.3562035846354865 0.3666995385639998 0.3 0.5 -920.6289262245024 519.9804683857296 -0.0765852948587949
0.9620222326477912 0.1906333146500177 0.9622040836990274 -0.6615919640857667 0.5 -0.2 -872.6286128913433 536.2224136010857 -0.1424163414353273
-2.3486198739735253 0.8591812769519607 -2.348693692779413 0.3663906689708501 0.3 0.5 -919.5959734461882 513.7939630840212 -0.1505923955507526
-1.2398217652210377 0.4427934866141169 -1.233045513950935 0.5640383296045944 0.1999999999999999 0.5 -878.9485109009643 500.6437187356332 -0.1572816921835299
0.9598191400224144 0.1808244411453953 0.9603137754294544 -0.6634419625453928 0.5 -0.2 -873.4461079912079 537.1558415673735 -0.1367807432430335
0.9913342220033546 -0.0963804507498614 1.0055897798171989 -0.6239792057601077 0.5 0.0999999999999999 -871.2282059134408 537.4171682101835 -0.1449621460042489
-0.907160446460082 1.8072690298003504 -0.9348023033537524 -0.146979664293407 0.5 0.25 -869.744055817034 449.405515794566 -0.1594602900743416
0.0157369864438713 2.2540656254313887 0.0152941114438953 -0.0016580641467987 0.5 0.5 -861.8358017742762 436.6712939098402 -0.0842698987994357
-0.5316990533872525 -0.3775095848026997 -0.5615862358546015 0.8319821738921973 -0.4 0.5 -880.5785805301915 504.0512164252517 -0.1381842364666082
0.0008392062741069 2.254856949711597 0.0010193171241573 0.0014578542664162 0.5 0.5 -853.30701300469 420.4071979883776 -0.1464323502113246
-1.5111373714401564 1.4605089714855903 -1.495026466926504 0.2475634670047092 0.4224000000010596 0.3265999999989404 -879.8042370032132 470.6472752854606 -0.1146442935943013
-2.3621212119954054 1.7481841993365137 -2.363359112567306 0.1740770817841242 0.4 0.5 -868.2129665394812 494.6846086357863 -0.0768248290238558
-0.8933721022511923 -0.2693470286555141 -0.9217485258915094 0.8446259055454565 -0.4 0.5 -881.3112138933727 504.0441932805688 -0.0897481790427698
-1.0895159368994 0.4043355254009773 -1.073289661581328 0.8261940607758854 -0.5 0.5 -882.500978242096 504.56788298700513 -0.0739999685011217
-1.3211008323514204 1.7345939927366107 -1.362509359103644 -0.124581058673132 0.5 0.25 -895.2556656505812 498.82018106959 -0.0799098595149579
-1.408604704826847 0.484823306305035 -1.4002946307490165 0.5455735686490055 0.1999999999999999 0.5 -876.825145256572 501.7894356799959 -0.0825549792642389
-2.266192937269079 0.9774956996898284 -2.259549332638957 0.3638925073775746 0.3 0.5 -885.5173932739547 498.118892445755 -0.0728593672006212
-2.3709851368026484 0.8489734759057271 -2.3714411448636668 0.3670239532853611 0.3 0.5 -919.1859690209438 513.4066921140673 -0.0933043152361601
-0.0031460914768283 -0.882308634117057 -0.0020285836781001 0.0002434452369267 -0.4 -0.4 -856.0711049675776 425.6781168621206 -0.0896379509527051
-1.1058646403005723 1.8271405686651272 -1.1434228833709843 -0.1925825532861543 0.5 0.25 -882.756236659076 474.3948582683231 -0.1025821547122481
2.348462605759496 0.8577764952250952 2.348436150851436 -0.3669062071316075 0.5 0.3 -894.1868444385993 512.8600711726813 -0.0974269112697369
-2.3510459494983245 0.8482622462756401 -2.3519691436016186 0.3660506320178819 0.3 0.5 -920.7730000421968 516.3007266922658 -0.1441080473945934
-1.235650627010063 2.044176729211554 -1.276103506994966 -0.1896149887352799 0.5 0.3 -907.57286154109 512.0754580276794 -0.1134745650168744
-0.000951969804266 -0.9972133822400402 0.0006004298226064 8.923723735898613e-05 -0.4 -0.4 -855.1557225440629 423.8932809009367 -0.1514021683581604
1.4535110035135343 1.4603213924106395 1.4215445300351832 -0.2973292994612985 0.3555999999991109 0.393800000001778 -875.6627487516661 456.1922547525899 -0.1401289336680224
0.962963213829013 0.1823350111846123 0.9635503209281948 -0.6626666590134201 0.5 -0.2 -873.2390608080226 536.7312284684633 -0.1548106583730505
-2.358880101713905 0.9245622900060916 -2.3490544566321017 0.3637935637405772 0.3 0.5 -919.3544425346246 522.5188035522821 -0.1425984321508047
0.3905848898079875 0.0022140031991256 0.3974157486689398 -0.8373189585877623 0.5 -0.5 -872.3693893696724 538.0082066581613 -0.1294694200974157
-2.049429054017645 1.2101409487082582 -2.0375349387468336 0.3570318329996017 0.3 0.5 -909.9710282862652 524.4627078372849 -0.1321339274323853
-0.6044866667347104 -0.3809515671494964 -0.6507080390371592 0.8350026698206159 -0.4 0.5 -880.7334777918704 504.0211861155461 -0.1263286422826709
-2.302487985054428 1.7796090764636363 -2.3028106891794877 0.169723048020239 0.4 0.5 -861.0498711205563 513.0432809145271 -0.0942258144000569
-0.6645530837531878 0.4665189521305051 -0.6338484473771676 0.7287623102747982 -0.3 0.5 -880.8808719732696 503.8332692005273 -0.0771165134508659
1.5233482117492216 1.5700396149760536 1.542761155509393 0.0005292513715079 0.25 0.5 -889.8972696979852 483.82299407111753 -0.0959993511992955
-2.364926482927484 0.8626020231613417 -2.3639997303880302 0.3647831932727008 0.3 0.5 -916.4239237150604 524.3179528916972 -0.159205166976515
-1.1928370385083464 1.7901815330335071 -1.2420301610537707 -0.1657970939607349 0.5 0.25 -882.4301339471784 474.0448167923438 -0.1171538329337897
