# Thu Feb 20 17:34:32 2025

# input dimensionality
5

# covariance function
CovSum(CovSEard, CovNoise)

# log-hyperparameter
1.238591134 3.881961726 1.058364871 8.455662023 8.455662023 1.374296665 -2.914071067  

# data (target value in first column) u v r tl tr
0.15781451456979206 1.1390769159163268 0.1265114668493851 -1.0724693872775095 0.5 -0.2
-0.16594002670975105 0.5712182063892567 -0.1538972266198766 1.6418738904818064 -0.4 0.5
-0.037390614999726 1.5334327993251715 -0.036021168763742 0.3346876004495792 0.3 0.5
0.15226844075703155 0.8612353321229153 0.1461988272539016 -1.5048408767712111 0.5 -0.4352994239088095
-0.008821081570410949 1.6206973544405383 -0.0637714098177629 0.1794641106387698 0.4 0.5
0.045881225172977325 1.5472596445965932 2.628091212376731e-05 -0.2750149993958575 0.5 0.3
0.027838985516950993 0.4979885644408962 -0.0596817138967829 -0.0227495712666586 0.4 0.4
-0.08602722595012001 1.3288122871509016 0.0173027467017752 0.5933292045168996 0.0 0.5
0.010359083216214988 1.482533044675146 0.0255365571221581 0.3658789371848723 0.25 0.5
0.006477817612254855 1.5342785146249758 -0.0964519178862342 -0.2792149744730998 0.5 0.3
0.01782817385409998 1.4854194055950662 0.0134094778619598 0.3627586196015316 0.25 0.5
0.040607031836960995 1.514987070437068 -0.0069528385810838 -0.2657466254423211 0.5 0.3
-0.012388600258637986 1.4963939494753795 -0.0357660449704158 0.1469940790494176 0.3169999999999999 0.432
0.12261490283974594 0.7683459460845935 0.0954257761168355 -1.5436207492844989 0.5 -0.5
-0.013621725479004993 1.4897251453428046 0.0057552199794614 0.3678439915930566 0.25 0.5
0.025212603158207003 1.615886975718112 -0.0178593263791585 -0.1224397420651798 0.5 0.4
-0.041598298937166045 1.503399133280111 -0.0508049329887197 0.3213704272368333 0.3 0.5
-0.049815309788700024 1.4629016587662442 -0.0089437191954656 0.4103197611927289 0.1999999999999999 0.5
-0.029599471157533003 1.4919308012496864 -0.0265830030544823 0.3107641309451983 0.3 0.5
-0.04678434220633798 0.5221062384432511 -0.105604003529465 1.7378995985871044 -0.3 0.5
0.017546035297861945 1.5042726007479983 -0.0500679475544693 -0.17845457984173 0.427 0.3219999999999999
0.12529678978489597 1.2885725084775692 0.0435751620858694 -0.865731272338865 0.5 -0.0999999999999999
0.008299567182143974 1.5558288103972324 -0.0408798135606408 -0.2558884338441322 0.5 0.3
0.1717835033456369 0.9288519325744964 0.1407963470359812 -1.4013266779111742 0.5 -0.4
0.007373343066788968 1.4798161650651926 -0.0621320053262655 -0.2061131506996592 0.432 0.3169999999999999
0.06687170076046998 1.3658111039062208 -0.0050360296458571 -0.57493760337751 0.5 0.0
-0.06709058627112803 1.3013986957275676 0.0258437670698762 0.6042722191155204 0.0 0.5
0.037426793142692 1.5778138433372908 -0.0340884284197981 -0.2698378587940448 0.5 0.3
-0.025864551271926006 1.4791221607814704 0.000530978768811 0.3628423770251367 0.25 0.5
0.1507735187409348 0.8512182436935141 0.145432579319026 -1.5171930442964134 0.5 -0.4552969351262104
-0.19169294498868686 1.1286125069210415 -0.1093838563520198 0.942159556731129 -0.0999999999999999 0.5
0.22811535445625405 0.833075522690995 0.0976437281751484 -1.6278728097507602 0.5 -0.5
0.052847580976187955 1.5090697817128835 -0.0427300947423956 -0.2918591086841401 0.5 0.3
-0.063537918246434 1.4168244675897768 -0.0285172912166316 0.3763518532141175 0.1999999999999999 0.5
-0.009032426831532027 1.5531960557062423 -0.0284822107832197 0.0185366620288437 0.4 0.4
-0.01132161722392 1.4890321233813637 -0.0378585149261735 0.0824108361180299 0.3369999999999999 0.412
-0.027896974285035007 1.500470363387655 0.0066518568632201 0.3197203042432272 0.3 0.5
-0.13613698760509219 0.6028797978708341 -0.1579584264794112 1.749045596149856 -0.4 0.5
0.039268860424012994 1.5247515096530413 -0.0017533407355605 -0.072330137803146 0.5 0.3
-0.014283247187549947 1.4985754267639864 0.0738298574125217 0.3042529455245337 0.285 0.4649999999999999
-0.01565832297763997 1.5778521649959172 -0.024781988765418 0.0096473207999425 0.4 0.4
-0.010516422636372008 1.4918025974080542 0.0023593622430986 0.3668043422259605 0.25 0.5
-0.007567466733331002 1.5980989731600022 -0.0829057748871891 0.1721512097527215 0.4 0.5
0.049856958778618995 1.5216008613378869 -0.0126868239169096 -0.2602745579564214 0.5 0.3
0.04083513111376502 1.5319229521565447 -0.0438445986731723 -0.3042509631372309 0.5 0.3
0.03261859879100604 1.5536366971772766 -0.0677817519909592 -0.2742304045186002 0.5 0.3
-0.002202857454791027 1.6372787777133884 -0.0239694563165527 -0.1163175725626532 0.5 0.4
0.011940278600772007 1.6223487357131274 -0.0296972901170213 -0.1246157486329581 0.5 0.4
0.019779173897431987 1.5119062857640544 -0.0103521830636581 -0.3189389361935801 0.495 0.255
0.046682151318635 1.5340980658221863 0.0074489923739963 -0.2853746755348004 0.5 0.3
0.08152147077623399 1.4261415611560644 0.0042362423751426 -0.4552036220108551 0.5 0.0
-0.04202298879134101 1.5186437525085277 -0.0039038033756513 0.2992148600811795 0.3 0.5
-0.027240844346030045 1.509334675512655 -0.0190825351249809 0.3551159627431934 0.3 0.5
0.0031343337552000236 1.5703027240092509 -0.0311359602746878 -0.0005089685427201 0.4 0.4
0.04325739585721199 1.51628490279532 -0.008035578166805 -0.2633622859330022 0.5 0.3
-0.007587249223024034 1.5721172844155458 -0.0642222425532994 0.0142576893135192 0.36 0.39
0.04012570106595101 1.5362314325804358 -0.0063512431059126 -0.2858981807235566 0.5 0.3
0.03294418764689305 1.5305330449712546 -0.0443353064406742 -0.2970070562809729 0.5 0.3
-0.02455367221781501 1.4792000716158162 0.0019210277188874 0.3363528683903612 0.3 0.5
0.03117811786221593 1.607321483412629 -0.0554523165522762 0.0642931679955167 0.5 0.4
0.03236516179312296 1.5178659694817107 -0.0768205269753211 -0.2862144053273047 0.5 0.3
-0.032852713740444024 1.5076464992640135 -0.0157979304744588 0.3082279143517635 0.3 0.5
-0.0009615671665380576 1.6371414663078936 -0.0604029636222001 -0.1483048966104754 0.5 0.4
0.0007645917169220307 1.5378929865974136 -0.0932853770579264 -0.2736891557561337 0.5 0.3
-0.331023905421633 1.208263878750058 -0.0548723146323358 0.7287728490922616 -0.5 0.5
-0.01762747052398296 1.486248198687858 0.0577336323823029 0.3653678006836763 0.25 0.5
-0.008322942547736023 1.5160395862824574 -0.0198175108606343 0.2384261922897169 0.355 0.5
-0.012319505215888996 1.5361701243845665 -0.0284775103059215 -0.0098239236422157 0.4 0.4
0.1256152574552879 1.2495177084238 0.0315054909107827 -0.8564532477333785 0.5 -0.0999999999999999
0.004725791951958984 1.495344504247838 -0.0140526497737914 -0.343266873725043 0.5 0.25
-0.03559357242245901 1.515315899698014 -0.0047801918255425 0.2985925419214348 0.3 0.5
-0.20878262390948005 1.1042787081771972 -0.0890437401791068 0.9788316464164372 -0.0999999999999999 0.5
0.013885471539177019 1.5499638821399044 -0.0368088355313187 -0.2619426590366349 0.5 0.3
-0.039347914997586025 1.5097909535734957 -0.0252588510806911 0.2891617734200676 0.3 0.5
-0.010087026739875014 1.5736554245835783 -0.0298411265082736 0.0100908644273879 0.4 0.4
-0.03970258133436801 1.5227238885451386 0.0058757377825878 0.3092254177035271 0.3 0.5
0.04486669266271004 1.5451453125490422 -0.0672583359715707 -0.2676262049421136 0.5 0.3
0.12339770969523295 1.049720061868769 0.1302501955357898 -1.1669363474687446 0.5 -0.3
-0.013226246089822445 1.1192963392371762 -0.0257605673664601 0.031074017178439 -0.1766296198499 -0.1766296198499
0.022232691320697925 1.6066650191677772 -0.0615750578288507 -0.1482997491963034 0.5 0.4
-0.022141042324059015 1.4614114779400853 -0.0428428194672748 0.3159093644999134 0.3 0.5
-0.015396111156297 1.5708724515532373 -0.0234223776497883 0.0008537754920538 0.4 0.4
-0.025644327121679012 1.5103898081822082 0.0082837957356855 0.3071919725610822 0.3 0.5
0.03427290887794594 1.6300521067667777 -0.0565090900463696 -0.1575124265821762 0.5 0.4
0.0008081347857159804 1.4945157325836746 -0.0261403636848025 -0.0061277444241606 0.4 0.4
-0.004985838419294987 1.5592312598925584 -0.0282215420291335 0.0055290972193585 0.4 0.4
-0.016576754471878015 1.4950369438253188 0.0041456355575109 0.3182026137595851 0.3 0.5
0.005390030864902001 1.5719830107195465 -0.0322830249705409 0.0007530578595707 0.4 0.4
0.04971888443280997 1.5530197599456876 -0.0146790407520765 -0.1805589001464456 0.5 0.3
-0.02907115309538605 -0.1141739506987081 -0.053919871812624 0.0305511219385491 0.0 0.0
0.016547473384943973 1.6274687375415906 -0.0482772818859203 -0.1505523931330295 0.5 0.4
0.096812330961411 1.5011949066451054 -0.0001135519985364 -0.4170537647587382 0.5 0.1999999999999999
0.007123313239734003 1.5752971863283265 -0.0378536519903022 -0.2748696497463373 0.5 0.3
-0.033939706581622014 1.6264046130186507 -0.0581156628515827 0.1676576617775298 0.4 0.5
0.018423054111590988 1.536555662307239 -0.0081331502128482 -0.2793792495019275 0.5 0.3
-0.1859879392888461 0.6151363285952245 -0.0819906933436599 1.6470860477123883 -0.3 0.5
0.07706503625699401 1.4002012379894146 -0.0209362536582424 -0.5530609044317912 0.5 0.0
-0.08193141070836601 0.5907625307585198 -0.2212503814352392 1.5469654134474502 -0.2 0.5
-0.026062273132188146 1.5172868485761095 0.083543723090036 0.0876744435204705 0.355 0.395
0.010909129814528004 1.5791898577929602 -0.042796829903657 -0.2747039326675952 0.5 0.3
-0.04876947883415001 1.502377145671796 0.0077591203441375 0.3613001790780109 0.25 0.5
-0.050537877429426004 1.545185992428909 -0.0367994074515806 0.291669008081679 0.3 0.5
0.05395101817801305 1.5527724348131713 -0.0414538648427445 -0.2739193960357275 0.5 0.3
-0.06821882394269004 1.4475567663440596 -0.0153056467631427 0.3917036597138982 0.1999999999999999 0.5
-0.01933089011836364 1.497854185821331 -0.0378477673158805 0.2331041381340562 0.2861363397323995 0.4638636602676005
-0.025841080788590043 1.6396535325799055 -0.0678283841150608 0.1524530707365897 0.4 0.5
-0.0245331771237689 1.6386255553234217 -0.0684984921939198 0.1527896911747795 0.4 0.5
-0.03995930566898 1.5167026498721838 0.0081621533013798 0.3138147449050372 0.3 0.5
-0.022888208400474036 1.4843641637936664 -0.0346484821042594 0.3172614509838274 0.3 0.5
0.08738315785917398 1.3940156625394722 -0.0010310582235445 -0.574936080722456 0.5 0.0
0.018872337493785057 1.5780019181097933 -0.0318460940828938 -0.25844454606847 0.5 0.3
-0.2127639434308829 1.0712573421921738 -0.067237989063104 1.0281512345146273 -0.0999999999999999 0.5
0.1148113738894832 1.0876212359163877 0.1446745913106484 -1.1665799093513285 0.5 -0.2
0.01672197258510401 1.4669049215060683 0.0503008445295119 0.2003719380174626 0.345 0.4449999999999999
-0.01727266158406902 1.4816641551442584 -0.0161674247575497 0.3252991570018402 0.257 0.492
0.05444680145644601 1.563430068448563 -0.028975074848621 -0.28229798427475 0.5 0.3
-0.00471870020686202 1.5337930383364429 -0.0497668164363886 0.2740436740215841 0.275 0.475
-0.035271308963148035 1.5098283568242028 -0.015873799578144 0.3086887899169826 0.3 0.5
-0.006899310808769904 1.6191569659988971 -0.0751705138788475 0.1680280096983698 0.4 0.5
-0.016996300619471008 1.5694250919616328 -0.060882352670435 0.1650952949721419 0.31 0.4399999999999999
0.07808844111718499 1.4964776688952737 0.0165956256332004 -0.3992135535993339 0.5 0.1999999999999999
0.052020163425999036 1.4943815039802637 -0.0395843656476872 -0.3947727666700911 0.5 0.1999999999999999
-0.04596978012957609 0.0928492160720991 0.1502471720917883 -0.1821142764881468 0.0 0.0
-0.020909611702134012 1.522973843379727 0.0278671866189674 0.1548168016404448 0.3399999999999999 0.41
-0.022175075099480013 1.497624926604761 0.0010704932776749 0.3176601976652361 0.3 0.5
0.04039056523530698 1.5347990100735616 -0.0071472996294433 -0.2867906647879563 0.5 0.3
-0.12866417080151515 0.6125316789613765 -0.2220188440231904 1.5640126587611651 -0.2 0.5
0.17615874616230195 0.977650748069981 0.1241125179021605 -1.3090436880611451 0.5 -0.4
-0.07146747150024668 0.500186045374736 -0.1539542223598971 1.747945933239207 -0.4 0.5
-0.04716674221166001 1.522306298072265 -0.0019016428488412 0.3021931790387792 0.3 0.5
-0.014885118704136002 0.6444552099606052 -0.045068635904057 1.5381497897094716 -0.0999999999999999 0.5
-0.025588542316253987 1.6035004690241197 -0.0604711411735651 0.1696021551997057 0.4 0.5
-0.08858828358328001 1.323227589402174 0.0167625497937827 0.5737598255121229 0.0 0.5
0.017766293983946992 1.5320144345055586 -0.0095338448016891 -0.2819369417333235 0.5 0.3
0.046100664928911995 1.5356254282344404 -0.0211423635899459 -0.2662346726823059 0.5 0.3
-0.03201392501085202 1.418024426964262 -0.0223887590083757 0.4025370081232508 0.1999999999999999 0.5
-0.05237848542925104 1.5291410780430683 -0.0436314623093141 0.3116552294975284 0.3 0.5
-0.14985209549825157 0.6404152666885211 -0.1604071419669298 1.7860568029717632 -0.4243365022281366 0.5
-0.049442393017747055 1.1825912341710194 -0.1365622183303549 0.8427668446123698 0.0 0.5
0.029744162420582906 1.5307524310433531 -0.0440667226827325 -0.2924447746997724 0.5 0.3
0.03144243683703998 1.510656240745089 -0.0051731860205681 -0.2810859654462792 0.5 0.3
-0.17711550790494374 1.4491113881370823 0.0096409086067324 -0.0355331217330755 -0.0572494145813362 0.4114498829162673
-0.026817945625862982 1.6556597788629197 -0.0858735813698574 0.1739237577671066 0.4 0.5
-0.009722681429796959 1.6012074347062504 -0.0849002581272823 0.172456356483789 0.4 0.5
0.015016524370798923 1.4657159487624196 0.046738792092432 0.2149750709457185 0.3399999999999999 0.4499999999999999
-0.04151378473661302 1.4866295047988254 0.0078417229153299 0.366309827006642 0.25 0.5
-0.028305918427855015 1.4780778994261587 0.0158723591009871 0.3698130366030136 0.25 0.5
0.04067011013711899 1.5340217593391212 -0.0079713106431552 -0.2873113596861397 0.5 0.3
0.05270523992707499 1.5223135655838629 0.0182002213805482 -0.2798440386038708 0.5 0.3
-0.020807712978498996 1.4844680765788545 -0.0436275017729554 0.3201219053126809 0.3 0.5
0.0007181882280059976 1.4846874019311105 -0.0395388359170218 -0.0015855460448218 0.367 0.382
0.006551123879103005 0.5480256657555903 -0.1716809053113546 1.5404052210116417 -0.2 0.5
-0.02978584304236101 1.5049783956247198 -0.0385392596706825 0.3293916707273314 0.3 0.5
0.058976386737596004 1.4641580776240883 -0.0333134649287569 -0.4224525756542675 0.5 0.1999999999999999
-0.04760525016800524 1.486283261174152 0.0011619049019917 0.3112412639061707 0.3 0.5
0.01039897801671099 1.6182213323961057 -0.0163452395522803 -0.117429460309754 0.5 0.4
0.006559144602307984 1.6196000902383854 -0.0168143417506092 -0.1157866878648693 0.5 0.4
-0.038471424375115006 1.5003521272850353 -0.0242783573251436 0.2990925453283234 0.3 0.5
-0.020906762331406002 1.4691306613682362 -0.0227036592406772 0.2901587941706786 0.3 0.5
0.015452073544528974 1.6315663366738582 -0.0300957624036689 -0.1236436751116066 0.5 0.4
-0.04793358358516302 1.4609796964549204 -0.0098530591619454 0.4154028276808201 0.1999999999999999 0.5
0.017981432191900987 1.624748810786162 -0.0552898889861684 -0.1521771236166778 0.5 0.4
-0.02443526018542301 1.4833777478253571 -0.0402598758970161 0.2806478187418242 0.3 0.5
0.008596206275465063 1.4806418657413336 -0.0631943710195866 -0.191084122569923 0.427 0.3219999999999999
-0.059167080984373 1.454577512666732 -0.0404401752763567 0.4191752752170082 0.1999999999999999 0.5
-0.027748408194660998 1.4698329268023549 0.0257724488399805 0.3473842523037054 0.265 0.485
-0.03485542335159599 1.5090775003436387 0.0084012857799216 0.3173052195646785 0.3 0.5
0.00030525481623700987 1.5035031696035035 0.0121489110031335 -0.1033262253570315 0.425 0.3249999999999999
-0.05419170218951702 1.456417253129402 -0.0083645150099183 0.3998488124973189 0.1999999999999999 0.5
-0.013398794015528973 1.6107661598045602 -0.0609787216060248 0.1758491882941902 0.4 0.5
0.03467531222803598 1.5386635163555489 -0.0225858383229306 -0.2775254241883016 0.5 0.3
0.054176807578521016 1.5089468896642493 -0.0406883366447768 -0.2910844415189245 0.5 0.3
0.14486903925131997 1.3342235506998452 0.0203935733018684 -0.7167703946912951 0.5 -0.0999999999999999
-0.022646352557222013 1.4833024216699504 -0.0421052730708053 0.3226346286401492 0.3 0.5
0.116614553794545 1.2471487727530772 0.0300230355313282 -0.8530597854042099 0.5 -0.0999999999999999
-0.022735909162874962 1.63027520128619 -0.0750865582480508 0.1509442885849725 0.4 0.5
0.02331217423704901 1.515976239702235 -0.0212547946600455 -0.3284544402668724 0.5 0.1999999999999999
0.016454599096694986 1.5045541523042598 -0.003509437249495 -0.2728075513000519 0.475 0.275
-0.06742581067565201 1.4110633582045915 -0.0308050008150547 0.3733455435053591 0.1999999999999999 0.5
0.13149593025894496 1.0128657413127624 0.1243113511034501 -1.2597634395778097 0.5 -0.3
0.017716176378671025 1.5124550450929994 -0.0239005772363406 -0.3376752819358098 0.5 0.1999999999999999
0.15452980905046293 0.8813029200138425 0.1464525561212823 -1.477193490367579 0.5 -0.4
-0.04478629188261201 1.308830217308896 -0.0063550126299872 0.6324398454239822 0.0 0.5
0.028197762510796982 1.535791863126544 -0.0220445773684489 -0.2768177480390276 0.5 0.3
-0.03481854601240501 1.5156679078439916 -0.0012185479636293 0.317552938143763 0.3 0.5
-0.033540941810502996 1.4809788818332976 0.0053779715005602 0.366362395806557 0.25 0.5
0.017298924532881885 1.5025484564028158 -0.0628466570280762 -0.0993919016413345 0.397 0.352
-0.025280144605545063 1.655045097230016 -0.0866413759324437 0.1740775625888908 0.4 0.5
0.029758786798217002 1.570258629756837 -0.0513380218641828 -0.2756393623492938 0.5 0.3
-0.006051324566875987 1.6135100807853524 -0.0764793814221599 0.1692549632357004 0.4 0.5
0.03833698375900897 1.6573808168804745 -0.0267928084687139 -0.150836784640967 0.5 0.4
0.163172857701415 1.251013804538441 0.0520434173079185 -0.911792453050038 0.5 -0.0999999999999999
-0.012951145869158978 1.4976244089545696 -0.0338218572454761 0.1813781374514666 0.307 0.4419999999999999
-0.00047274909691405465 1.5992292267025132 -0.0498104683204032 -0.1209620168249124 0.5 0.4
0.04694861196308603 1.4785184777428706 -0.0318446047759545 -0.4077715296487701 0.5 0.1999999999999999
-0.0037317014367690277 1.5091877984899655 0.0175488216957214 -0.0450550599337677 0.405 0.345
-0.004743441709989943 1.5014575180474783 -0.0459062420447172 0.0736086769894899 0.3369999999999999 0.412
0.030140323732253983 1.5124881487736637 0.0121282940223156 -0.2617150626286758 0.5 0.3
0.140888092835125 1.1980146143485562 0.0983224304519124 -1.0251098857946408 0.5 -0.2
-0.03822958099081803 1.4878935487532414 -0.0238121744444758 0.3085530405514108 0.3 0.5
-0.04958369582992301 1.5073601531988168 0.0073296724607225 0.3590953461915202 0.25 0.5
0.042280460173799 1.5351738913602715 -0.010730201676404 -0.2870044475210109 0.5 0.3
-0.039141306095289014 1.5081657498372083 0.0098816889954256 0.3026578539906364 0.3 0.5
0.052746361428190995 1.5291638683438011 0.0245659425453652 -0.3326158716089212 0.5 0.3
0.026443344786383008 1.4835041941032063 -0.0473530129285564 -0.2910562006127035 0.4669999999999999 0.282
-0.014680457776536995 1.5769819681740362 -0.0622916913451653 0.115667599383679 0.3249999999999999 0.425
0.014556712158066976 1.5220343695773562 -0.0324986932734445 -0.3416392276889988 0.5 0.25
-0.04576574166136299 1.510526386725286 -0.0466102608498522 0.3174860317837966 0.3 0.5
0.011388862558995988 1.4908000789295617 -0.0421395463432243 -0.0436409283519421 0.382 0.367
-0.019792987247044952 1.6151262215462443 -0.0641697478922264 0.1711891782469501 0.4 0.5
0.034288000950204005 1.5223783122641397 -0.0052592227887665 -0.2754981958233023 0.5 0.3
0.02499575524227901 1.6437809867105837 -0.0646864570929925 -0.1514695946691336 0.5 0.4
0.07233987765558898 1.3713768572552714 0.0008897157136675 -0.5664170580495586 0.5 0.0
0.020066184030750958 1.5350815186662945 -0.0566216211710468 -0.2979614333517929 0.5 0.3
0.04124673602015499 1.541065480516692 -0.0217922095739526 -0.279263237376705 0.5 0.3
0.017155073079446886 1.5665904379494426 -0.0655734992289995 -0.2565990545813723 0.5 0.3
0.00311426312917501 1.501500207733419 0.0090864346852426 -0.1353724073546957 0.435 0.3149999999999999
-0.03212527623664401 1.5125894744133994 0.0094141540526166 0.3032264160936408 0.3 0.5
-0.02261276222050898 1.6354114519312548 -0.0668310896394065 0.1767784741792653 0.4 0.5
-0.012071266943958076 1.493165282616873 -0.0370957759965598 0.113734295305294 0.3269999999999999 0.422
0.04365725936726399 1.5326354440393222 0.028289778310962 -0.3578686737886338 0.5 0.3
0.034076340795490004 1.5118314970182016 -0.0052246666389813 -0.2745141365244252 0.5 0.3
0.035027410055037 1.5157737810501417 0.0124888309815592 -0.2857734955777088 0.5 0.3
0.07805219703798896 1.4000316532922978 -0.021674750032543 -0.5578882148400833 0.5 0.0
-0.038679231327028 1.5143762740007047 0.0084270764340826 0.3150208296320284 0.3 0.5
-0.030479009149889005 1.5135987830951276 -0.0044066152321676 0.3008631342492189 0.3 0.5
-0.04043760436254203 1.5090521334192002 -0.0255906425804497 0.2884357537099771 0.3 0.5
-0.06897468814318006 1.4073732842468163 -0.0444315704618515 0.3854276659842652 0.1999999999999999 0.5
0.004608003882755991 1.510091238338326 0.0007752804566409 -0.3390137329987239 0.5 0.25
0.010205232284343987 1.4668669799318736 0.0398089680680124 0.2423706016398634 0.3299999999999999 0.4599999999999999
0.035914568649592984 1.6170164570385686 -0.0274979171883671 -0.1286288440071846 0.5 0.4
-0.04164344953493104 1.5004445125308823 -0.0475838350159885 0.3190991922572284 0.3 0.5
0.0030810367032249944 1.4899757602348092 -0.026628467355125 -0.0044867181444284 0.4 0.4
-0.04360681546539798 1.3122865887761936 0.0396674158852251 0.5828076706417753 0.0999999999999999 0.5
-0.20911169584882955 0.7394660703988267 -0.1538793912272169 1.735685217591219 -0.4842882183912153 0.5
-0.15544631068151793 0.5759117471625973 -0.1537785955517248 1.664593932319152 -0.4 0.5
0.06740261401240999 1.3654543652238758 -0.0033312910470981 -0.5765835325532749 0.5 0.0
-0.028180356868169002 1.5129165655744945 0.0080234181629682 0.3051448938274293 0.3 0.5
-0.0030729881440690054 1.6440589856782146 -0.0611411007077169 -0.1415383190955455 0.5 0.4
0.04807417018254399 1.5817008934741394 -0.0574945517274195 -0.2654363772987136 0.5 0.3
-0.0018972347082359814 0.5528271976763075 -0.0483995837234243 0.1109964264310141 -0.2 -0.2
-0.029368162424148008 1.534479608770249 -0.0096093880519871 0.3057144793273062 0.3 0.5
0.086152232284074 1.394422117763643 -0.0005534213741186 -0.5693328820487387 0.5 0.0
0.03348843262128098 1.5429943736720355 -0.0238447209519948 -0.2736824708180725 0.5 0.3
0.0016364820048539973 1.502406106077071 0.0106366864847572 -0.1190324677348719 0.43 0.3199999999999999
0.023018789548419974 1.626923528304101 -0.0322503211597877 -0.1322373819368019 0.5 0.4
0.04743800058732199 1.5608178598311864 -0.0311104150616229 -0.2868041841662955 0.5 0.3
0.024047891649892975 1.533244863905015 -0.019745124171312 -0.2792294246604124 0.5 0.3
-0.010251506050762069 1.6330054095808104 -0.0486006331429759 -0.1565785484356094 0.5 0.4
0.011847101114166002 1.6324412993563382 -0.0240329006351243 -0.1034216363913701 0.5 0.4
-0.030085257890359006 1.4744264271319298 -0.006430144575953 0.3243923655805156 0.3 0.5
0.007011575763275005 0.0997455247268297 -0.0346608661683059 -0.2203476477319916 0.4 0.4
0.07690580135892501 1.395860110350633 -0.0186308221021936 -0.542048372895178 0.5 0.0
0.030591315840096944 1.5113400461162971 -0.0451056863035716 -0.3503091040009889 0.5 0.25
0.04615090673516498 1.540341509721931 -0.0156458215589655 -0.2841833177491322 0.5 0.3
0.04694536151749404 1.533362033056296 -0.0701089283670228 -0.2704947655763681 0.5 0.3
-0.025207467913152 1.5128841173490464 0.0093223630235176 0.3048080501468529 0.3 0.5
-0.03557573066481701 1.5359438437390691 0.0005051794743617 0.3201911069329372 0.3 0.5
-0.03920181123482899 1.6607496086842888 -0.0582084627888892 0.172515976745226 0.4 0.5
0.13134348856249098 1.2954812111676428 0.0406198132296203 -0.8464206059601074 0.5 -0.0999999999999999
-0.017125119507249986 1.6339918526766497 -0.088066892835447 0.1736364329013745 0.4 0.5
0.04470884193761904 1.562465452099776 -0.0296096150028907 -0.2880443505654802 0.5 0.3
0.03413878084878898 1.5237238659745604 -0.0188010465947203 -0.2896609757581289 0.5 0.3
0.042000240070335024 1.4856818438874566 -0.0471605543455256 -0.3444541640884776 0.497 0.252
0.05020743634969998 1.5296281728369496 -0.0181664172391055 -0.2629743683952876 0.5 0.3
-0.080360214086307 1.5319826892610626 0.0033161343510456 0.3246528580648221 0.3 0.5
0.03464768954595399 1.5268781535612743 -0.0173445748039932 -0.297128282155484 0.5 0.3
-0.06411232945909603 1.3022786358093643 0.0299167151982735 0.6056832049350206 0.0 0.5
0.042857307109448045 1.574050019893091 -0.0477950551810691 -0.2699515075715096 0.5 0.3
0.09839852604647997 1.3822423019661896 -0.0207416148408785 -0.5873992311681201 0.5 0.0
0.04508372785068 1.5183124708765705 -0.0097736748892962 -0.2257197614190105 0.5 0.3
0.002515218689388976 1.6136895026924012 -0.033384242849959 -0.1159554678667608 0.5 0.4
-0.015252529594311013 1.5034886123228075 0.0010032668300215 -0.3045006457182884 0.5 0.265
-0.057287645350487026 1.4500789579463575 -0.0090485568624271 0.3937674407790915 0.1999999999999999 0.5
0.007377252752932967 1.6119611553017177 -0.0346417209810201 -0.119158968312614 0.5 0.4
-0.05120875204784901 1.3326860742749005 0.0518454632396418 0.5390771667687273 0.0999999999999999 0.5
-0.017890159429615055 1.6458989345340154 -0.0702315939769031 0.1567352450908223 0.4 0.5
-0.04854854472531901 1.523988141306967 -0.0006497883763093 0.3042595216135902 0.3 0.5
0.00366895951637098 1.5018279618239598 -0.006589811520785 -0.3427477586675335 0.5 0.25
-0.040400310305302015 1.5224118041943953 0.006312768813118 0.3097721639152856 0.3 0.5
0.050464106941073006 1.4730108403499718 -0.0319140154700618 -0.412368264161505 0.5 0.1999999999999999
-0.02672308540380197 1.6374181766462437 -0.0730896881766415 0.1486789774808698 0.4 0.5
-0.046942957033183075 1.553635735268026 -0.0375160277281156 0.3100722549124924 0.3155498780020184 0.5
0.02359807401845398 1.553953480922053 -0.0037257946588793 -0.2702076038798342 0.5 0.3
0.032926643017058 1.5360126213172045 -0.0507200126616818 -0.3014600273677684 0.5 0.3
0.020531128556932968 1.6149051734194435 -0.0468450164688509 -0.1559755654870473 0.5 0.4
-0.012183563786134916 1.5077119442757567 0.0850592825386234 0.174313591812918 0.3249999999999999 0.425
-0.0435068375069389 0.0844651228875578 0.1456501940788307 -0.1673038273576312 0.0 0.0
-0.02994004365914301 1.5060979225771252 0.0038012189544627 0.3139106865687389 0.3 0.5
-0.06946272010534996 1.4180128001533658 -0.0333722500499495 0.4637842925325354 0.1999999999999999 0.5
-0.009430985521406005 1.5970565310825926 -0.0638111948785158 0.1813194277407563 0.4 0.5
0.094316335766353 1.501129565135287 0.0045906810976047 -0.4142019112858464 0.5 0.1999999999999999
0.0014618715854860034 1.480020866279611 -0.0235013846546816 -0.3367001676194493 0.5 0.25
-0.013994243242294868 1.6166347417962508 -0.0709225922389835 0.1682237758767833 0.4 0.5
-0.04589138884373702 1.5262239997914735 0.0206182737223402 0.3268399744256678 0.3 0.5
0.03756891068085199 1.534236627308395 -0.0247963700105941 -0.2798248264795965 0.5 0.3
0.029073524254189936 1.5462532796326014 -0.0672768203243163 -0.2792140935283016 0.5 0.3
-0.054141442056541006 1.536493405501698 -0.04182031810366 0.3074685577904671 0.3 0.5
-0.058068392021662994 1.3210769720096935 0.0048115207875741 0.6284492871448074 0.0 0.5
0.05214247717416701 1.5155936298754618 -0.0319183786753507 -0.287411045130911 0.5 0.3
-0.26838704563830806 0.6671735282837175 -0.1699466338473647 1.6008128100037116 -0.3 0.5
-0.013389186307761966 1.4973323205893811 -0.032637921832392 0.1986136724499288 0.302 0.4469999999999999
-0.02997680642276901 1.6350095207067132 -0.055717434234085 0.1716839562481278 0.4 0.5
0.08708717362389999 1.3932531462651945 -0.0003831981457112 -0.5683666170321999 0.5 0.0
-0.03236183037777302 1.4786305214232476 -0.0247246399842214 0.2956199470677187 0.3 0.5
-0.04392479170956101 1.3088589270840565 0.0370788950561812 0.5911866295530894 0.0999999999999999 0.5
0.029692179368343997 1.5120672646047093 0.0124020760854812 -0.2679216396257778 0.5 0.3
0.012533029276477967 1.4832111995210235 -0.0432767487158841 -0.3492840322823013 0.5 0.25
0.031629621003115005 1.4809912717618778 -0.0469019857858996 -0.3137402424661237 0.477 0.272
0.024408875586410944 1.6204060492631422 -0.0340964643255142 -0.1325157179042354 0.5 0.4
0.006492052124184924 1.498905222980225 0.051170677669657 -0.118718281178811 0.4499999999999999 0.3399999999999999
0.041128225460569934 1.560882155068778 -0.0506149167547635 -0.2655045446885394 0.5 0.3
-0.05181575194766003 1.46953426976829 -0.0390175143951427 0.3090376376832682 0.3 0.5
-0.0027769658517780293 1.636701298748496 -0.0593511719450031 0.1666019489952278 0.4 0.5
-0.03169318389595291 1.6051758566705314 -0.0641852902104307 0.1572185824383618 0.4 0.5
-0.14587663031460085 0.5821558870560819 -0.1546169325202647 1.6918206337362445 -0.4 0.5
0.12151437734993581 1.05272094256227 0.1317457578007962 -1.1638933524715716 0.5 -0.3
0.046722601641494 1.5269497322517658 -0.0709987149885226 -0.2463089400135469 0.4449999999999999 0.305
0.0014723577332950016 1.551410802182925 -0.0331957759766629 -0.0187577240272974 0.4 0.4
-0.023344761922899013 1.490072811336712 0.0019638754025393 0.319769346761753 0.3 0.5
-0.046495133302469 1.5428783247904962 -0.0357528941213337 0.2862724017158981 0.3 0.5
-0.038492247815860026 1.4947156672883597 -0.0240321325435576 0.3034235632567705 0.3 0.5
0.012617397886319007 1.4798540657588404 -0.040428488504516 -0.3491633815331264 0.5 0.25
0.011828173661782987 1.6366360043220365 -0.0682750460634437 -0.1387283533028148 0.5 0.4
0.04811076990490699 1.5195344925749783 -0.0109441280390477 -0.2605640240921917 0.5 0.3
0.030380785916092994 1.5456845031280702 -0.0159809476978403 -0.2695079313388135 0.5 0.3
-0.008364135556015 1.5126514075124002 -0.0232421693675905 0.220680898840164 0.365 0.5
-0.0071157699228180035 1.5159511323768544 0.0215968804010311 0.0129026427852646 0.385 0.365
-0.03172002682560211 1.5257114281428947 -0.0003828974488737 0.3164611800913103 0.3 0.5
0.019735593034060986 1.5016296499491972 -0.0470800966627962 -0.1032530713445305 0.402 0.347
0.026876992430296953 1.5437892148629089 -0.066721519567346 -0.2811967896560866 0.5 0.3
-0.05675711785615401 1.5024368121494274 -0.0091738455706189 0.3329375183120847 0.3 0.5
-0.011422374165796015 1.6362219238598243 -0.0511347837480521 -0.1513976442833474 0.5 0.4
-0.054242271009821014 1.3546274345298748 0.065711809766229 0.5497059589384116 0.0999999999999999 0.5
0.029876334288890995 1.474169298775064 0.0190494772720808 -0.3552728276436445 0.5 0.1999999999999999
-0.013766642716107058 1.6329832097668866 -0.067001235275284 0.1799853246879889 0.4 0.5
-0.0073653540251539945 1.5158180109421058 -0.0261739046029236 -0.0085789619763396 0.4 0.4
-0.128853703336368 1.4017337717486578 0.0006479246359934 0.5494908270864935 0.0999999999999999 0.5
-0.027167228321215015 1.46777931532084 -0.0474362364294771 0.3190901924024065 0.3 0.5
0.13960877427355384 1.1675469632312392 0.1079709273590151 -1.0225426710625372 0.5 -0.2
-0.06121922064674802 1.52099708918334 -0.0373151880668411 0.346887576230333 0.3 0.5
0.14374770731091502 1.3180203672896729 0.0290347940455265 -0.7725741477775141 0.5 -0.0999999999999999
-0.008884681214997026 1.5239470799919843 0.048253605184973 -0.0955934824937228 0.42 0.3299999999999999
-0.022720777802621023 1.5174884910486182 0.0185748065846681 0.3225773566293581 0.3 0.5
0.19797043277926182 0.816676033808545 0.0821141699699949 -1.586056992010495 0.5 -0.5
-0.01784478748288 1.497845640262856 -0.0413086047846888 0.1659586063144155 0.307 0.4419999999999999
0.005534848080002014 1.4841341342428709 0.068189957007519 0.1094937847322671 0.375 0.415
0.048192634173208 1.5718230574401812 -0.0325086063171444 -0.2774418637792596 0.5 0.3
-0.002178012415338 1.498379501234672 0.0203886687683458 0.2982595849248521 0.3 0.49
-0.054612336561803004 1.4847343466405096 -0.0361128472708529 0.3076051705740501 0.3 0.5
0.003941076342984986 1.505837948562006 -0.0028739191550835 -0.3414348734586398 0.5 0.25
-0.012783359754973966 1.4902619965711683 0.0699222178394499 0.0501781920167274 0.395 0.395
-0.005548781091943024 1.5333057750850816 -0.007064662618546 0.2867356069684266 0.3249999999999999 0.5
0.04100605014332202 1.4961180207374123 -0.0334441356700748 -0.3973651079153302 0.5 0.1999999999999999
-0.041029988762616 1.5203838256264377 0.0072981394583228 0.3115289577189751 0.3 0.5
0.019787237182756975 1.6242054610863488 -0.0557596127044441 -0.1508226123435651 0.5 0.4
0.04124347227853299 1.5093703008254329 -0.0361569904386089 -0.392373093538339 0.5 0.1999999999999999
0.023173990131380023 1.6250458936464602 -0.0680720198036685 -0.1561039792933184 0.5 0.4
-0.019962014452711008 1.6172169966415184 -0.0713774845174984 0.1689625820035838 0.4 0.5
0.03799082296522399 1.5352675883629852 -0.0043681597467611 -0.2718676136082268 0.5 0.3
-0.057602941325697044 1.406508504625141 -0.047128691631887 0.3923727834761265 0.1999999999999999 0.5
0.029899492725994972 1.6280623080606602 -0.0528642410483452 -0.155523984148343 0.5 0.4
-0.010031599126954019 1.523428387252881 -0.0287576745224731 0.1876751383703544 0.385 0.5
0.02223044111471499 0.3808524123677566 -0.0620847580082544 -0.0153855864702516 0.4 0.4
-0.04347726720573802 1.5022893297361937 0.0045802117162605 0.3213147140611545 0.3 0.5
-0.02105082131660503 1.484371721083474 0.0115661300308927 0.3690606570441636 0.25 0.5
-0.010974114450591002 1.4963667606971622 -0.0232235563342468 0.3319682407431342 0.252 0.497
-0.038900655465950014 1.5293986959042902 0.0048405680917389 0.3442542261597955 0.3 0.5
-0.07771377677528898 0.7664858559307092 -0.0184321710377295 1.4182636307767922 -0.0999999999999999 0.5
0.07302855412992505 1.4608567627216982 -0.0431217919120341 -0.4410601792109491 0.5 0.1999999999999999
-0.05594004869021101 1.516090108705079 0.014707979468153 0.3273322978147627 0.3 0.5
0.007223860766412057 1.2524056485827837 -0.0627808776528857 0.6697234558994076 0.0 0.5
-0.020323205041446885 1.6453492603579305 -0.087994479015481 0.174042816557912 0.4 0.5
0.23960240259334603 0.8179753202093245 0.1096476960472449 -1.6167699404792977 0.5 -0.5
0.03277222401189699 1.5138345833965057 0.0127485719870629 -0.2828418408167021 0.5 0.3
-0.04231660185527201 1.5304559863166294 0.0044624963408788 0.3163141325592607 0.3 0.5
0.04139907192315301 1.5169067346291216 0.0127558801266911 -0.2442188178578523 0.5 0.3
0.16558568140098498 1.2480722015049888 0.05818170307806 -0.9286139683674074 0.5 -0.0999999999999999
0.0032652858150990227 1.3106387849220236 -0.0213729044644573 -0.0887947853815361 0.4 0.4
0.22140713093947592 0.8335637948441587 0.0926180150812008 -1.622451162978469 0.5 -0.5
-0.015596088604647 1.5119272777935937 -0.0137323456508436 0.2588732468159446 0.3 0.5
0.07055306722987498 1.4937127539202588 0.0194274697449189 -0.3926439468109486 0.5 0.1999999999999999
0.12794017560149487 1.0002495158605809 0.1206082890412844 -1.2759758778762271 0.5 -0.3
-0.022203852978983016 1.4672870208745172 -0.0400578051832479 0.3155248126647674 0.3 0.5
-0.03273066164379201 1.5141713079859347 -0.0047365490677884 0.2993664046839266 0.3 0.5
-0.09411832073610601 1.5203209414309231 -0.0105424433837136 0.3755564223764027 0.3 0.5
0.13662485536734398 1.3026978653380976 0.0371363276928859 -0.8241021785257221 0.5 -0.0999999999999999
0.014976987422904015 1.4977973644602856 -0.0382570572380676 -0.3802400905390496 0.5 0.1999999999999999
0.15177361149961496 1.2533148430087655 0.0413801631103024 -0.8825977305187611 0.5 -0.0999999999999999
-0.04611330182253 1.5332655986385846 -0.0104555670893825 0.3164428837091468 0.3 0.5
0.040527267870357 1.5013608273999872 -0.0343205306557426 -0.3951454841025168 0.5 0.1999999999999999
-0.014840891841815008 1.493252404375181 -0.0283410625712585 0.2483561611931094 0.287 0.4619999999999999
0.004855404906127028 0.5039608232032196 -0.0486793071942479 0.1019265708083339 -0.2 -0.2
0.005191964404936966 1.4732753498815594 0.0332083152955362 0.2661596593287836 0.3199999999999999 0.47
0.0014771138667900308 1.562953324155383 -0.0718341011786186 -0.2547720169944045 0.5 0.3
-0.015700032718945905 1.4906160065277143 0.0688216318639525 0.0353846486453871 0.4 0.39
-0.004252823306307996 1.4882612969391251 0.0703649846465397 0.0797167118770718 0.385 0.405
-0.06896279898127002 1.4468616006815749 -0.0168355291574117 0.3917435773561528 0.1999999999999999 0.5
0.034377614099824 1.6396765704163332 -0.0586194740281395 -0.1581083907575955 0.5 0.4
0.03308810671554391 1.5323360165200028 -0.050670348359976 -0.3013979048050478 0.5 0.3
-0.04002215105367503 -0.0582969587366159 -0.035526184934513 0.0420045831166144 0.0 0.0
-0.015305279372127972 1.5105747169983663 0.086085039385779 0.1430004385347947 0.3349999999999999 0.415
0.02536282319128197 1.5555546550884267 -0.0692546824435671 -0.281433602931892 0.5 0.3
-0.2017985378196499 1.1173666171396146 -0.0995630025700548 0.95911190027412 -0.0999999999999999 0.5
0.03529261175004798 1.5638344984797683 -0.0249022744338945 -0.2870107048956543 0.5 0.3
-0.01634174001039497 1.641453372734078 -0.0546234338992487 0.1727642448888469 0.4 0.5
0.01682794478518504 1.494644617712353 -0.0302393213658137 -0.34493466215596 0.5 0.25
-0.036284269052093004 1.5315418746210825 0.0135008704640502 0.3001501030435765 0.3 0.5
-0.03909315220256931 1.537830052934509 8.951987633893002e-05 0.3193572678751726 0.3 0.5
0.03546959314708796 1.630791662633146 -0.0585470493610784 -0.158282205007471 0.5 0.4
-0.03364462818254921 0.2026314214622909 0.1813787816267876 -0.4028113480333469 0.0 0.0
-0.024836887982450997 1.4812747660821008 0.0139085478992322 0.369478898562678 0.25 0.5
0.03392479997923109 1.552153277215115 -0.0511343938644554 -0.2971588939563155 0.5 0.3
0.00970349355248699 1.4673879675100316 -0.0193027347186678 0.3063381318043953 0.3 0.5
-0.150021708724569 0.9077861312936372 -0.0189904521242403 1.2506968156018794 -0.0999999999999999 0.5
-0.05520067563848203 1.4540442751749902 -0.00849168522887 0.3975337687789151 0.1999999999999999 0.5
0.07200781838463996 1.5597028313061914 -0.089787023688812 -0.3009292839879546 0.5 0.3
-0.007631326883459008 1.547732099545552 -0.0323610768283851 -0.0137245109712811 0.4 0.4
0.03191130218179201 1.4651049961180451 0.0109122436426153 -0.3667859563391212 0.5 0.1999999999999999
0.07057436086963402 1.4587774341137756 -0.0385167540969787 -0.4361455977134462 0.5 0.1999999999999999
0.0024097269539199995 -0.1445835775584592 -0.0357425836746993 -0.141798041854765 -0.2 -0.2
0.023254278678287964 1.6550587123105618 -0.0228716821070558 -0.1385561683979779 0.5 0.4
-0.065995097166508 1.4373141113729837 -0.0230607326594878 0.3878892887609959 0.1999999999999999 0.5
0.048481827450115034 1.5110918570805745 -0.0461825164337279 -0.2935716719816041 0.5 0.3
-0.0010595253227280166 1.638662554100018 -0.0620081203388539 -0.1460140555516405 0.5 0.4
0.0008253863977049358 1.530442834552744 0.0375738992270333 -0.1802639230176543 0.4449999999999999 0.305
0.007898588996038958 1.6385407481733314 -0.0675559049630476 -0.1391299135225092 0.5 0.4
-0.14484162840679105 1.3836624256114232 0.0291607309746937 0.5516486715426605 0.0999999999999999 0.5
0.00992391557406283 1.4813322493453045 0.0661640654501127 0.1245459322341032 0.37 0.42
-0.012339754766651015 1.4999385747417409 -0.0398903897245107 0.3185565553424622 0.3 0.5
-0.04751794354346102 1.497673809646328 0.0080634146984836 0.3631282085948645 0.25 0.5
-0.04299222267975 1.483728989093582 -0.0009550820629336 0.313243036620677 0.3 0.5
-0.06161974930973702 1.4476157567778 -0.0107494391388764 0.3911160003037518 0.1999999999999999 0.5
-0.0015914175938470249 1.6167133289358129 -0.0317161010905743 -0.1134773826163587 0.5 0.4
-0.008612486169271016 1.598943946107234 -0.083958526270262 0.1723236630125134 0.4 0.5
0.12943917328240115 0.9986362765055964 0.1197553066014339 -1.2760510917990835 0.5 -0.3
0.02635128605331001 1.6121683579464343 -0.021923274134079 -0.1165644404370681 0.5 0.4
-0.17775832353189885 0.6348032987031914 -0.2130037010026895 1.580898948860946 -0.2 0.5
-0.038555398625201645 1.5998867962142789 -0.0438155428266146 0.2551230198616878 0.3955649107478409 0.5
0.08201973535416499 1.4072201193318297 0.0037216046297486 -0.4946743050504869 0.5 0.0
-0.04337635135744505 1.5384346021487634 -0.0330166666757959 0.334855006654036 0.3 0.5
-0.06203993369951505 0.5347111336525423 -0.0965454377500988 1.7244651774734945 -0.3 0.5
0.019976124009668944 1.53649308318875 -0.0636447474311924 -0.2877031778583248 0.5 0.3
0.02008136732659099 1.487441165766042 0.0069538411293007 0.3608844216131386 0.25 0.5
0.02570824652562198 1.623483443799663 -0.0672392992053458 -0.1424544701133818 0.5 0.4
0.03350900470134595 1.5581879198150197 -0.048767753671209 -0.2652907471566101 0.5 0.3
-0.15585417530326884 0.5327112924013208 -0.1703088339053416 1.6626509928164923 -0.4 0.5
-0.014113152968827022 1.5204727395777036 0.0272225198748883 -0.252849778535781 0.5 0.29
0.03579722360465096 1.6311551802914583 -0.0606177717215435 -0.1588034298208933 0.5 0.4
-0.044603128161530003 1.4566033156857603 -0.0409296360934243 0.3997071241527005 0.1999999999999999 0.5
-0.030219644866235004 1.5094703151566065 -0.0196635706383574 0.3610798202366089 0.3 0.5
-0.007921089317767041 1.6294120867662083 -0.0462995242111992 -0.1620505577248521 0.5 0.4
0.020970768055007995 1.5300829952243742 -0.0012476448491216 -0.1775409080451538 0.5 0.3
-0.06292029516251109 1.4499565789879467 -0.0394401457601056 0.4273995299640421 0.1999999999999999 0.5
-0.01622714961840903 1.5413322577514263 -0.0160216554793629 -0.3117705896081006 0.5 0.3
0.13297760895980393 1.0322613185014653 0.1258049652382541 -1.2084217467267984 0.5 -0.3
0.030912606536647944 1.5703212690145858 -0.0516051431843611 -0.2783479512127702 0.5 0.3
0.15795519950651898 1.1447783981363604 0.1226289468987332 -1.0587741489090896 0.5 -0.2
0.09982642544461 1.3832742052443083 -0.0060383814911498 -0.5908189219780222 0.5 0.0
-0.03845588265583802 1.511175389608618 -0.0197346254942332 0.3538980601768935 0.3 0.5
-0.040772628481077 1.652674848311207 -0.0539258170014127 0.1885646017256402 0.4 0.5
-0.0037383474263700048 1.5288332392268462 0.0043284880359557 0.3046980884071507 0.305 0.5
0.01667868916344392 1.5118160070163855 -0.0588949072204696 -0.0536822433300525 0.382 0.367
0.16177198652786884 0.9010166033894575 0.1452146092424783 -1.4472120206571977 0.5 -0.4
-0.0018182717867100406 1.5033281906976927 -0.0470054148660462 0.0595422507183941 0.3419999999999999 0.407
0.009038947380785 1.507438172444609 -0.0296943826559128 0.3322971156520179 0.25 0.5
-0.037421072211215045 -0.0819971494447287 -0.0434382589456791 0.0367045769439738 0.0 0.0
-0.011271641458870038 1.5786324049664882 -0.0631074143310833 0.0837444637100197 0.3349999999999999 0.415
-0.04385693890007505 1.52503595598116 -0.0184060520251759 0.3165064658561716 0.3 0.5
-0.004556722767159009 1.5108247354862523 0.0186914939724373 -0.0308805669538125 0.4 0.35
0.012865388870893918 0.5598707397509693 -0.1045918291106316 1.574185907086932 -0.2 0.5
-0.06792379512545209 1.435848314254775 -0.0366460425856823 0.4453020759861298 0.1999999999999999 0.5
-0.010413357100898038 1.5552325424657307 -0.06008960951598 -0.046752491116718 0.385 0.365
-0.04518681368327202 1.5234793118779977 -0.0135698250812477 0.3139638936618095 0.3 0.5
-0.07415700174272 1.3916889119629037 -0.0247908420010952 0.53607828828621 0.0999999999999999 0.5
0.02050425124394302 1.6240237876439425 -0.0479526650664386 -0.1549838493453366 0.5 0.4
-0.025925815415472064 1.406411179012213 -0.0378332329420002 0.3912236879598926 0.1999999999999999 0.5
0.04460026431929196 1.6566261723968412 -0.0297438349006431 -0.1557926840615985 0.5 0.4
-0.011910673785234804 1.503416251179592 0.0804432334944759 0.2417722141448885 0.305 0.4449999999999999
-0.016714004597722897 1.4970531753347156 -0.0332877249547139 0.2810955288986672 0.2710111662679055 0.4789888337320945
-0.002501532456214983 0.6209047824825487 -0.0551774826584355 1.5554858632298258 -0.0999999999999999 0.5
0.03533830814769699 1.5265327629446872 -0.0050734226937461 -0.2739513589424052 0.5 0.3
0.013990385603508959 1.471003508499287 -0.0243047732790187 0.3043448542160307 0.3 0.5
0.025025966844190936 1.5408248978408146 -0.0548745150054398 -0.3000738173617993 0.5 0.3
0.054926566986007036 1.4888255476465166 -0.0390094114580783 -0.3966009378408632 0.5 0.1999999999999999
0.045260392982330935 1.567401240033346 -0.0529938292139452 -0.2656214005737835 0.5 0.3
0.016095983400036956 1.620349592335007 -0.0324932896345942 -0.1274654541090371 0.5 0.4
-0.03243169465790299 1.4034845489254646 -0.0449573627099998 0.3990325209366108 0.1999999999999999 0.5
0.02783282535666995 1.5695950193352963 -0.0537422205673337 -0.2781703854755964 0.5 0.3
-0.03126094097763488 1.522069589567396 0.0712784384959095 0.0234395281403834 0.38 0.37
0.08505847743402802 1.3946105014688177 -0.0230190131901842 -0.5727037842455799 0.5 0.0
-0.04245131788592302 1.5378822616888093 -0.0323745348872036 0.3348327823659229 0.3 0.5
-0.031849945803851046 1.5239861506745305 -0.0351185908676842 0.3402024676815796 0.3 0.5
0.01845442469611297 0.1983591615142305 -0.0423707808968887 0.0050172820452076 -0.2 -0.2
0.14421335288299517 1.163472669282654 0.1100188047863705 -1.024929587485058 0.5 -0.2
-0.029905998882405055 1.5222429803920965 0.068149944398146 0.0099671006741059 0.385 0.365
-0.0054803548381320705 1.54767309366186 -0.0578136442454639 -0.0751920916892231 0.395 0.355
0.09775384342864502 1.500533147640718 -0.0049119363414009 -0.4187353240044963 0.5 0.1999999999999999
-0.002454601222948022 1.5879928538954873 -0.0325438396431613 0.006181828327235 0.4 0.4
-0.027300925015705038 1.5146159789443474 0.0308066314159533 0.2155834327746663 0.3199999999999999 0.43
