# 2024年12月18日 星期三 21时36分54秒

# input dimensionality
5

# covariance function
CovSum(CovSEard, CovNoise)

# log-hyperparameter
0.02809646282 0.002813816966 0.003235562428 0.003552110586 0.002528505013 -0.02991256111 -5.178669424 

# data (target value in first column)
-0.04638045037 2.914283681 -0.04790491562 0.03889985505 0 0.038 
-0.05137808257 3.084252966 -0.05169729688 0.0401958938 -0.001 0.048 
-0.06229572303 2.978544247 -0.06192647587 0.0352719185 0.006 0.02 
0.1451268952 2.671198671 0.1426603509 -0.07817530014 0.037 -0.001 
0.002558857028 3.520721994 0.003830387901 0.0297979346 -0.001 0.048 
0.09630939787 2.650917319 0.0911678415 -0.06818549313 0.037 -0.001 
0.1948349182 2.450031353 0.1895793124 -0.07924158211 0 0.035 
0.1717441257 2.601884596 0.1702770887 -0.088131609 0.037 -0.001 
-0.05837576123 3.069481411 -0.05868133156 0.04168478327 -0.001 0.048 
0.06067945166 2.619816451 0.05998794726 -0.04886643955 0.037 -0.001 
0.03112736198 3.701189765 0.03279857154 0.009540769043 0 0.048 
-0.05881336412 3.066758844 -0.05862776698 0.04507730888 -0.001 0.048 
-0.002222930418 2.679026221 -0.005294386748 -0.02546691682 0.037 -0.001 
-0.04434720346 2.902194453 -0.04603895967 0.03843649786 0 0.038 
-0.05874699737 3.087773471 -0.05866063134 0.04275233699 -0.001 0.048 
-0.07453924947 3.062736204 -0.07439282352 0.04547045799 -0.001 0.048 
-0.05188314619 3.090467653 -0.05243660347 0.03859210008 -0.001 0.048 
0.05316411212 3.950558258 0.05440819628 -0.005383400162 0.037 0.047 
-0.06135615538 3.078993267 -0.0609983903 0.04522727451 -0.001 0.048 
-0.01675166617 3.425960134 -0.01869268513 0.03285222064 -0.001 0.048 
-0.0443649637 3.054859483 -0.04368659286 0.04296605059 0 0.041 
0.07453095879 2.642979368 0.06975801982 -0.06096885383 0.037 -0.001 
-0.03867597407 3.077200048 -0.03784802231 0.04521675655 -0.001 0.048 
-0.03917743655 3.095937338 -0.03941635294 0.03879068998 -0.001 0.048 
0.1779835188 2.608217442 0.1786755211 -0.0874105215 0.037 -0.001 
-0.01017648251 3.346427604 -0.01316878484 0.02504565786 -0.001 0.048 
0.01005649814 2.665598677 0.006795554715 -0.03221677722 0.037 -0.001 
0.1169913148 2.665273374 0.1125200237 -0.07277098415 0.037 -0.001 
-0.01226547212 3.473633059 -0.014001943 0.03297537402 -0.001 0.048 
0.02030192573 3.10367605 0.02401001235 0.03698711461 -0.001 0.048 
0.02600001476 3.131468059 0.03130300031 0.03789047696 -0.001 0.048 
-0.04434720352 2.902194453 -0.04603895967 0.03843649786 0 0.038 
-0.04326928338 2.995825563 -0.0430371985 0.04098242432 0 0.038 
-0.0432692834 2.995825563 -0.0430371985 0.04098242432 0 0.038 
-0.04946600165 3.05603827 -0.04949104375 0.04269565329 0 0.045 
-0.01675166613 3.425960134 -0.01869268513 0.03285222064 -0.001 0.048 
-0.001758249654 3.136445284 0.000563558223 0.03881680511 -0.001 0.048 
-0.01972887397 3.102250112 -0.01926134926 0.03822898262 -0.001 0.048 
0.09624208347 2.884655196 0.09933240509 0.005828670577 -0.001 0.048 
-0.06846110215 3.059980606 -0.06800629171 0.04819319505 -0.001 0.048 
0.1950419158 2.59255545 0.1972802596 -0.092693628 0.022 0.002 
0.0545781903 3.957580125 0.06070431257 -0.00778255579 0.038 0.047 
0.01245596729 3.189719333 0.01277179808 0.02613196133 -0.001 0.048 
-0.07223453926 3.062658991 -0.07195506511 0.04656188859 -0.001 0.048 
0.1150387298 2.649523005 0.1142771704 -0.06720862202 0.037 -0.001 
0.07323299768 3.018497746 0.07788713325 0.0197727162 -0.001 0.048 
0.04332741916 3.853356489 0.04072576003 -0.002007148678 0.006 0.048 
0.03538447762 3.052599619 0.03854811284 0.03147957379 -0.001 0.048 
0.1790892322 2.597833984 0.1773565187 -0.09084757864 0.037 -0.001 
0.05471673792 3.950308221 0.04727319135 -0.006647573871 0.037 0.047 
0.191100334 2.59799383 0.1906655211 -0.09317377913 0.037 -0.001 
-0.03213324337 3.109866806 -0.03257303748 0.03632693633 -0.001 0.048 
-0.07190595564 3.066787505 -0.07221656385 0.04176413108 -0.001 0.048 
0.1619049592 2.57681556 0.1677562824 -0.0341290493 -0.001 0.048 
0.06275303606 2.889204782 0.06072043977 0.007799855883 -0.001 0.048 
-0.05738606423 3.087138393 -0.05756841698 0.04113245788 -0.001 0.048 
-0.05698204939 3.0576047 -0.05599481813 0.04515199467 0 0.038 
-0.04396337984 3.07804612 -0.04211531341 0.04026394533 0.004 0.023 
-0.05423813033 3.079290994 -0.05381791816 0.04506450119 -0.001 0.048 
0.1602979916 2.637787151 0.1582867662 -0.08374158665 0.037 -0.001 
0.1001592129 2.830394835 0.1014435464 -0.001096265213 -0.001 0.048 
-0.05431934665 3.055390556 -0.05464686048 0.04254144563 -0.001 0.048 
0.03960664832 2.639651768 0.03590275169 -0.04637057862 0.037 -0.001 
-0.05569939331 3.076105186 -0.05613030557 0.04030740329 -0.001 0.048 
-0.0241062419 3.208689589 -0.02748166421 0.02384476098 -0.001 0.048 
-0.01191449116 3.114017195 -0.01135087978 0.03625490618 -0.001 0.048 
0.1506489053 2.66842978 0.1500040889 -0.07762355389 0.037 -0.001 
0.1402680747 2.642064446 0.1385194033 -0.07700825652 0.037 -0.001 
0.0606879664 2.961753265 0.06198370617 0.01768192947 -0.001 0.048 
-0.04415110386 3.091689212 -0.04452195789 0.03891899258 -0.001 0.048 
-0.0696092344 3.061828873 -0.06933674121 0.04663438005 -0.001 0.048 
0.03928037678 2.619154327 0.03632823258 -0.04469140752 0.037 -0.001 
0.002844814144 3.375734717 0.003369111087 0.02729038784 -0.001 0.048 
0.02600001477 3.131468059 0.03130300031 0.03789047696 -0.001 0.048 
-0.03815437003 2.730600386 -0.03905386356 0.009585405322 0.037 -0.001 
-0.05617623847 3.087068687 -0.05655279237 0.03996922154 -0.001 0.048 
0.10789859 2.643991625 0.108771033 -0.06259011029 0.037 -0.001 
0.01990971722 2.634721519 0.01751351595 -0.03447956987 0.037 -0.001 
-0.06318694907 3.069405775 -0.06352970544 0.04154425229 -0.001 0.048 
0.03546233882 3.072364347 0.03877191141 0.03106996864 -0.001 0.048 
0.1813866981 2.607235758 0.1840826018 -0.08637704888 0.037 -0.001 
-0.06588197664 3.047718592 -0.06633973829 0.04296960281 -0.001 0.048 
-0.05794805047 3.083065189 -0.05807674024 0.04171046154 -0.001 0.048 
-0.07017397458 3.052683967 -0.07007343785 0.046547671 -0.001 0.048 
0.120593532 2.673024851 0.1165571857 -0.07286263966 0.037 -0.001 
0.09480327463 2.636772711 0.09366778468 -0.06160024821 0.037 -0.001 
0.1169913148 2.665273374 0.1125200237 -0.07277098415 0.037 -0.001 
-0.05354652076 3.080177363 -0.05344655341 0.04306110304 -0.001 0.048 
0.05362373138 3.964266086 0.05553437462 -0.006055189314 0.038 0.047 
0.07503577656 2.9671316 0.07571485326 0.01022812786 -0.001 0.048 
-0.04410320323 2.694842893 -0.04578020634 0.01606757096 0.037 -0.001 
0.1506489053 2.66842978 0.1500040889 -0.07762355389 0.037 -0.001 
0.006794789445 2.667222178 0.003440850392 -0.03090375333 0.037 -0.001 
0.1579522718 2.565049229 0.1658832607 -0.03090433689 -0.001 0.048 
-0.04818058172 3.069357258 -0.04835130705 0.04172200807 -0.001 0.048 
0.081972988 2.86482656 0.08030555794 0.0009407073123 -0.001 0.048 
0.1790051904 2.58539962 0.1759767826 -0.09124129549 0.019 0.005 
0.05233586397 4.039439825 0.05182979246 -0.004786722636 0.038 0.047 
-0.04401590191 2.930433098 -0.04507788889 0.03898683235 0 0.038 
-0.0546490308 3.065945369 -0.0543387304 0.04558807681 -0.001 0.048 
